1 179
1 199
1 201
1 244
1 361
1 542
1 619
1 639
1 643
1 651
1 742
1 777
1 790
2 87
2 89
2 344
2 368
2 376
2 493
2 774
2 960
3 77
3 90
3 96
3 377
3 586
3 655
3 672
4 20
4 44
4 48
4 168
4 259
4 287
4 367
4 373
4 394
4 446
4 674
4 768
4 819
4 837
4 965
5 94
5 116
5 183
5 189
5 254
5 413
5 499
5 554
5 598
5 700
5 765
6 113
6 136
6 332
6 336
6 358
6 486
6 575
6 669
6 678
6 856
6 868
6 917
6 981
7 105
7 176
7 195
7 265
7 301
7 373
7 407
7 432
7 452
7 515
7 553
7 572
7 576
7 609
7 654
7 759
7 855
7 874
7 937
7 951
8 304
8 330
8 338
8 461
8 515
8 792
8 894
8 897
8 922
9 226
9 333
9 336
9 355
9 600
9 604
9 710
9 811
9 881
9 986
10 157
10 314
10 371
10 408
10 478
10 660
10 780
10 877
10 994
11 95
11 100
11 146
11 278
11 306
11 308
11 330
11 356
11 370
11 375
11 387
11 458
11 813
11 901
12 23
12 38
12 111
12 161
12 184
12 288
12 298
12 316
12 457
12 534
12 872
12 914
13 134
13 375
13 469
13 944
14 328
14 342
14 345
14 358
14 544
14 645
14 728
14 733
14 923
14 977
15 30
15 33
15 166
15 450
15 462
15 609
15 645
15 654
15 833
15 963
15 985
15 993
16 75
16 389
16 784
16 823
16 909
17 157
17 182
17 309
17 408
17 539
17 643
17 661
17 763
17 806
17 915
17 938
17 952
18 148
18 172
18 189
18 283
18 363
18 375
18 439
18 541
18 569
18 627
18 641
18 644
18 970
19 109
19 313
19 347
19 499
19 631
19 702
19 837
19 903
19 970
19 988
20 134
20 188
20 366
20 741
20 810
20 932
20 947
21 108
21 112
21 128
21 214
21 228
21 329
21 339
21 618
21 830
21 935
21 988
22 268
22 388
22 411
22 652
22 687
22 726
22 844
23 113
23 413
23 450
23 540
23 563
23 667
23 689
23 738
23 756
23 775
23 965
24 43
24 64
24 83
24 158
24 248
24 376
24 591
24 632
24 660
24 765
24 888
25 92
25 117
25 303
25 360
25 372
25 466
25 549
25 629
25 764
25 885
25 971
26 285
26 338
26 504
26 653
26 806
26 861
26 947
26 996
27 211
27 327
27 355
27 397
27 422
27 432
27 438
27 529
27 555
27 661
27 874
27 908
27 915
27 941
27 985
28 132
28 161
28 216
28 243
28 281
28 316
28 347
28 528
28 548
28 767
28 771
29 57
29 86
29 223
29 235
29 274
29 299
29 372
29 375
29 423
29 465
29 679
29 704
29 853
30 73
30 313
30 335
30 418
30 467
30 599
30 828
30 988
31 43
31 67
31 68
31 195
31 242
31 376
31 422
31 488
31 550
31 558
31 674
32 75
32 108
32 132
32 213
32 224
32 293
32 317
32 323
32 333
32 383
32 461
32 462
32 477
32 532
32 644
32 650
32 930
32 988
32 996
33 251
33 487
33 488
33 523
33 557
33 567
33 719
33 813
33 864
33 914
33 947
33 992
34 62
34 154
34 208
34 267
34 557
34 605
34 677
34 790
34 847
34 850
34 931
35 72
35 138
35 150
35 168
35 266
35 291
35 484
35 543
35 645
35 767
35 946
36 42
36 68
36 223
36 225
36 247
36 580
36 625
36 631
36 986
37 205
37 304
37 323
37 373
37 422
37 517
37 532
37 656
37 757
37 818
37 856
37 898
37 932
37 980
38 56
38 114
38 143
38 144
38 250
38 259
38 393
38 701
39 154
39 197
39 269
39 297
39 328
39 469
39 546
39 564
39 915
39 937
40 180
40 210
40 281
40 556
40 602
40 617
40 624
40 929
41 180
41 245
41 338
41 467
41 481
42 140
42 161
42 202
42 333
42 351
42 383
42 650
42 905
42 999
43 398
43 649
43 650
43 841
44 101
44 218
44 256
44 283
44 316
44 351
44 425
44 456
44 518
44 525
44 793
44 989
45 116
45 146
45 266
45 277
45 401
45 402
45 448
45 573
45 623
45 867
46 96
46 139
46 284
46 421
46 584
46 635
46 644
46 767
46 795
46 981
47 80
47 92
47 219
47 325
47 344
47 437
47 499
47 719
47 762
47 855
47 905
48 55
48 189
48 311
48 327
48 392
48 611
48 740
48 782
49 333
49 592
49 692
49 713
49 763
49 926
49 1000
50 325
50 383
50 585
51 116
51 558
51 675
51 882
51 905
51 923
51 927
52 244
52 248
52 368
52 409
52 476
52 486
52 546
52 611
52 783
53 70
53 295
53 620
53 800
53 851
53 852
53 880
54 129
54 226
54 382
54 480
54 649
54 937
55 140
55 243
55 529
55 612
55 624
55 805
56 118
56 187
56 211
56 545
56 574
56 622
56 656
56 762
56 810
56 828
56 856
56 895
56 913
56 932
56 942
57 173
57 204
57 336
57 358
57 482
57 489
57 513
57 587
57 740
57 762
57 840
58 120
58 178
58 302
58 477
58 516
58 639
58 667
58 670
58 801
58 819
58 863
58 894
59 135
59 186
59 275
59 299
59 364
59 461
59 494
59 514
60 183
60 262
60 315
60 381
60 399
60 467
60 518
60 542
60 616
60 627
60 733
60 849
60 908
60 990
61 167
61 247
61 328
61 745
61 967
62 93
62 152
62 222
62 307
62 408
62 538
62 662
63 68
63 223
63 233
63 341
63 644
63 796
64 202
64 285
64 303
64 321
64 505
64 556
64 657
64 663
64 860
64 972
65 68
65 186
65 549
65 556
65 623
65 970
65 992
65 996
66 209
66 287
66 297
66 480
66 489
66 544
66 662
66 773
67 260
67 335
67 362
67 447
67 722
67 731
67 808
67 809
68 162
68 283
68 644
68 768
69 85
69 199
69 324
69 372
69 494
69 517
69 656
70 340
70 591
70 696
70 756
70 827
70 916
71 386
71 429
71 471
71 476
71 572
71 730
71 731
71 915
71 971
72 180
72 290
72 394
72 437
72 460
72 508
72 511
72 599
72 788
72 866
72 878
72 971
73 84
73 146
73 154
73 267
73 477
73 563
73 735
73 817
73 934
74 135
74 162
74 249
74 443
74 739
74 843
74 882
74 939
74 965
75 418
75 641
76 145
76 468
76 567
76 577
76 624
76 725
76 978
77 101
77 273
77 296
77 335
77 422
77 622
77 679
77 802
78 159
78 264
78 313
78 362
78 376
78 513
78 556
78 581
78 610
78 617
78 720
78 793
78 804
78 835
78 925
79 115
79 253
79 259
79 401
79 436
79 481
79 568
79 569
79 601
79 723
79 817
79 885
79 949
79 953
80 254
80 418
80 479
80 538
80 705
80 708
80 788
80 804
80 864
80 875
80 914
80 922
80 981
81 149
81 158
81 395
81 703
81 789
81 847
82 121
82 320
82 452
82 558
82 609
82 621
82 628
82 851
82 873
82 981
83 223
83 354
83 403
83 855
83 858
84 244
84 470
84 730
84 744
84 861
85 174
85 271
85 319
85 442
85 600
85 728
85 735
85 857
85 918
85 929
86 126
86 230
86 298
86 347
86 382
86 451
86 717
87 122
87 134
87 222
87 460
87 736
87 872
87 948
88 265
88 382
88 385
88 484
88 647
88 661
88 723
88 878
88 960
89 183
89 251
89 533
89 686
89 848
89 886
89 998
90 411
90 446
90 674
90 748
90 872
90 895
90 933
90 994
91 95
91 501
91 533
92 115
92 123
92 190
92 197
92 275
92 337
92 484
92 536
92 538
92 539
92 572
92 625
92 695
92 886
92 902
92 917
92 918
92 936
93 222
93 233
93 522
93 546
93 880
93 898
93 985
94 237
94 371
94 416
94 429
94 522
94 546
94 676
94 697
94 841
95 424
95 456
95 774
95 901
95 954
96 195
96 480
96 513
96 575
96 603
96 669
96 777
96 813
96 928
96 954
97 203
97 301
97 345
97 443
97 454
97 537
97 562
97 690
97 703
97 956
98 179
98 416
98 423
98 474
98 494
98 622
98 694
98 716
98 943
98 961
99 175
99 196
99 208
99 259
99 348
99 392
99 510
99 606
99 743
99 810
99 943
100 102
100 428
100 474
100 542
100 579
100 622
100 828
100 874
100 909
101 142
101 177
101 214
101 523
101 699
101 762
101 805
101 930
101 934
101 1000
102 260
102 430
102 434
102 486
102 572
102 612
102 625
102 712
102 932
102 967
103 105
103 513
103 530
103 559
103 614
103 647
103 670
103 841
103 896
103 986
104 144
104 341
104 579
104 619
104 995
105 129
105 145
105 156
105 212
105 245
105 506
105 657
105 762
105 928
106 113
106 114
106 117
106 144
106 543
106 566
106 736
106 866
106 926
107 110
107 123
107 144
107 640
107 734
107 836
107 878
108 234
108 248
108 281
108 321
108 448
108 473
108 496
108 599
108 855
108 964
109 269
109 520
109 888
110 151
110 307
110 392
110 414
110 432
110 548
110 632
110 845
110 867
110 932
111 202
111 481
111 540
111 557
111 723
111 739
111 975
112 232
112 237
112 382
112 512
112 637
112 709
112 783
113 168
113 302
113 307
113 360
113 392
113 396
113 524
113 550
113 794
114 202
114 247
114 294
114 339
114 426
114 850
114 966
115 486
115 517
115 635
115 731
115 792
115 978
116 158
116 198
116 279
116 290
116 375
116 419
116 961
116 975
117 146
117 147
117 206
117 338
117 492
117 712
117 736
117 864
117 865
117 972
118 463
118 554
118 734
118 772
118 949
119 379
119 449
119 472
119 659
119 959
119 962
119 973
120 302
120 365
120 622
120 745
120 851
120 937
120 975
121 161
121 495
121 649
121 650
121 784
121 797
121 885
121 962
122 132
122 754
122 756
122 799
122 909
123 183
123 187
123 255
123 363
123 426
123 446
123 467
123 543
123 649
123 895
123 913
123 924
123 936
123 1000
124 227
124 262
124 284
124 306
124 507
124 513
124 538
124 604
124 693
124 726
124 829
125 282
125 497
125 544
125 753
126 355
126 373
126 417
126 603
126 750
126 825
126 855
127 189
127 203
127 204
127 387
127 567
127 802
127 861
127 927
127 1000
128 237
128 274
128 412
128 528
128 571
128 673
128 711
128 730
128 829
128 986
129 146
129 323
129 388
129 414
129 889
129 938
129 949
130 444
130 590
130 624
130 625
130 634
130 896
130 922
131 340
131 372
131 662
131 740
131 777
131 908
131 913
131 998
132 327
132 632
132 690
132 847
133 286
133 314
133 430
133 472
133 669
133 861
133 863
133 892
134 149
134 271
134 392
134 401
134 406
134 426
134 438
134 623
134 660
134 688
134 774
134 842
134 976
135 354
135 457
135 549
135 690
135 897
135 928
135 960
136 156
136 207
136 354
136 438
136 550
136 604
136 657
136 669
136 744
136 884
136 963
136 980
136 987
137 149
137 482
137 567
137 584
137 621
137 718
137 985
138 158
138 499
138 672
138 815
138 873
138 890
139 176
139 263
139 312
139 507
139 538
139 577
139 587
139 794
139 904
140 207
140 260
140 413
140 566
140 674
140 689
140 830
140 968
141 164
141 585
141 617
141 692
141 877
141 901
142 168
142 199
142 283
142 294
142 412
142 450
142 474
142 529
142 677
142 921
143 192
143 330
143 413
143 581
143 702
143 737
143 828
143 877
143 937
144 230
144 251
144 467
144 553
144 585
144 685
144 810
144 896
144 937
144 954
145 182
145 220
145 249
145 254
145 354
145 513
145 538
145 636
145 823
145 827
146 162
146 189
146 239
146 476
146 928
146 948
146 949
147 263
147 306
147 324
147 421
147 560
147 614
147 630
147 765
148 159
148 214
148 335
148 401
148 468
148 605
148 622
148 637
148 647
148 779
148 1000
149 213
149 311
149 358
149 416
149 478
149 643
149 651
149 709
149 727
149 729
149 739
149 816
150 213
150 224
150 234
150 269
150 407
150 497
150 630
150 652
150 654
150 681
150 869
150 919
151 181
151 253
151 254
151 283
151 407
151 531
151 832
151 976
152 179
152 185
152 221
152 395
152 658
152 754
152 820
152 856
152 927
153 347
153 386
153 459
153 549
153 676
153 699
153 812
153 834
153 948
153 960
154 163
154 452
154 513
154 533
154 595
154 638
154 734
154 770
154 785
154 840
154 846
154 973
154 986
155 278
155 590
155 605
155 741
155 750
155 764
155 908
156 166
156 488
156 714
156 813
156 815
157 175
157 246
157 283
157 474
157 885
157 992
158 209
158 315
158 360
158 443
158 459
158 536
158 619
158 647
158 672
158 861
158 873
158 986
159 346
159 440
159 487
159 501
159 503
159 860
159 873
159 932
159 993
159 999
160 417
160 550
160 613
160 990
161 249
161 343
161 704
162 442
162 646
162 666
162 672
162 839
162 910
162 933
163 252
163 361
163 722
163 724
163 745
163 849
163 871
163 900
164 393
164 510
164 605
164 618
164 749
164 804
165 492
165 535
165 627
165 805
165 864
165 909
165 953
166 221
166 234
166 530
167 268
167 410
167 423
167 437
167 515
167 636
167 658
167 930
168 264
168 732
168 733
168 914
169 213
169 223
169 350
169 369
169 408
169 575
169 669
169 696
169 765
169 810
169 814
169 842
169 982
170 524
170 855
170 906
171 198
171 602
171 719
171 809
172 187
172 369
172 447
172 459
172 490
172 561
172 706
172 714
172 917
172 975
172 992
173 255
173 262
173 350
173 839
173 920
174 193
174 251
174 308
174 436
174 521
174 723
174 727
174 805
174 957
175 345
175 358
175 462
175 517
175 585
175 592
175 759
176 313
176 489
176 833
176 917
176 986
177 180
177 249
177 272
177 304
177 332
177 350
177 365
177 479
177 698
177 797
177 957
177 985
178 473
178 543
178 764
178 769
178 904
179 276
179 340
179 878
179 905
179 966
179 967
180 233
180 238
180 338
180 350
180 550
180 582
180 664
180 925
180 927
180 966
181 228
181 682
181 955
182 186
182 220
182 246
182 322
182 399
182 437
182 603
182 759
182 889
182 946
183 206
183 242
183 272
183 303
183 448
183 513
183 633
183 711
183 981
184 221
184 410
184 444
184 480
184 524
184 861
185 224
185 254
185 416
185 449
185 476
185 486
185 505
185 611
185 650
185 679
185 888
186 271
186 290
186 310
186 369
186 402
186 428
186 644
186 682
186 713
186 721
186 764
186 854
186 899
187 273
187 383
187 437
187 484
187 619
187 627
187 659
187 929
188 454
188 500
188 543
188 605
188 639
188 640
188 718
188 725
188 861
189 196
189 218
189 228
189 288
189 422
189 680
189 924
190 419
190 607
190 618
190 724
190 731
190 878
190 934
190 965
191 237
191 300
191 343
191 565
191 610
191 808
191 860
191 862
191 886
191 900
191 921
192 230
192 236
192 648
192 775
192 976
193 198
193 240
193 249
193 486
193 525
193 564
193 680
193 747
193 922
193 996
194 337
194 498
194 515
194 521
194 593
194 642
194 704
194 829
194 990
195 247
195 329
195 640
195 698
195 805
195 873
195 943
196 228
196 237
196 461
196 463
196 616
196 778
196 833
196 915
196 958
197 232
197 401
197 413
197 466
197 468
197 597
197 672
197 751
197 761
197 960
197 972
198 311
198 337
198 540
198 644
198 737
198 744
198 808
198 924
199 466
199 884
200 412
200 528
200 575
200 709
200 890
201 251
201 307
201 337
201 377
201 585
201 719
201 726
201 811
201 903
201 962
202 242
202 311
202 432
202 556
202 650
202 694
202 743
202 759
202 878
202 884
202 939
203 209
203 291
203 363
203 513
203 558
203 561
203 814
204 342
204 406
204 484
204 561
204 718
204 933
204 952
204 968
205 349
205 468
205 561
205 599
205 612
205 630
205 656
205 761
205 762
205 796
206 363
206 416
206 459
206 533
206 613
206 702
206 824
206 835
206 839
206 945
206 994
207 291
207 426
207 469
207 532
207 653
208 218
208 334
208 420
208 614
208 663
208 666
208 678
208 687
208 798
209 264
209 375
209 398
209 486
209 488
209 557
209 566
209 660
210 302
210 375
210 385
210 422
210 439
210 629
210 677
210 814
210 833
210 873
210 948
211 255
211 300
211 340
211 353
211 482
211 541
211 775
211 796
212 414
212 521
212 616
212 655
212 708
212 714
212 928
212 931
213 220
213 505
213 560
213 601
213 663
213 679
213 702
213 891
213 930
214 465
214 480
214 681
214 932
215 313
215 430
215 445
215 571
215 694
215 830
216 271
216 469
216 513
216 526
216 582
216 693
216 821
216 847
216 903
217 288
217 459
217 513
217 539
217 553
217 571
217 576
217 599
217 650
217 743
217 777
217 847
217 941
217 975
218 230
218 268
218 274
218 730
218 735
219 339
219 507
219 658
219 700
219 735
219 906
220 366
220 434
220 451
220 476
220 623
220 737
220 750
220 928
221 341
221 477
221 494
221 545
221 594
221 668
221 677
221 750
221 798
221 849
221 910
221 947
221 957
221 980
222 223
222 275
222 355
222 418
222 931
223 268
223 341
223 396
223 590
223 808
223 811
223 849
224 286
224 342
224 343
224 428
224 603
224 896
224 968
224 973
224 974
225 302
225 336
225 338
225 339
225 499
225 514
225 618
225 764
225 765
225 781
225 852
226 669
226 693
226 743
226 805
226 830
226 917
226 922
226 928
227 285
227 354
227 401
227 597
227 656
227 740
227 836
227 877
228 292
228 628
228 701
228 746
228 855
228 875
228 943
229 278
229 322
229 720
229 769
229 843
229 908
229 919
229 972
230 357
230 640
230 658
230 846
231 356
231 394
231 517
231 673
231 732
231 787
232 353
232 373
232 433
232 540
232 703
232 798
232 836
233 376
233 423
233 772
233 855
234 296
234 357
234 666
234 677
234 869
234 877
234 922
234 923
234 994
235 424
235 495
235 574
235 691
235 832
235 838
235 873
235 973
236 264
236 449
236 456
236 524
236 582
236 586
236 634
236 668
236 732
236 803
236 819
236 942
237 271
237 359
237 400
237 483
237 544
237 639
237 664
237 750
237 809
237 954
238 267
238 282
238 343
238 391
238 524
238 549
238 886
238 906
238 930
239 240
239 400
239 452
239 547
239 679
239 708
239 716
239 776
239 871
239 890
240 280
240 349
240 641
240 659
240 756
240 761
240 779
240 854
241 286
241 305
241 623
241 655
241 941
242 259
242 447
242 666
242 760
242 802
242 910
242 955
243 299
243 479
243 529
243 797
243 884
244 277
244 416
244 441
244 494
244 500
244 507
244 700
245 332
245 417
245 447
245 531
245 617
245 884
245 955
246 317
246 483
246 518
246 528
246 548
246 558
246 569
246 609
246 639
246 861
246 987
247 251
247 446
247 520
247 535
247 542
247 555
247 617
247 729
247 745
248 337
248 379
249 281
249 536
249 556
249 889
249 979
250 289
250 483
250 510
250 662
250 797
250 852
250 885
250 914
250 927
250 962
250 986
251 363
251 378
251 460
251 548
251 549
251 585
251 719
251 902
251 921
252 481
252 864
253 292
253 353
253 654
253 708
253 850
253 881
253 925
254 338
254 356
254 400
254 470
254 621
254 627
254 702
254 736
254 773
254 916
255 301
255 353
255 403
255 406
255 445
255 577
255 609
255 670
255 760
256 313
256 391
256 419
256 645
256 648
256 726
256 742
256 885
256 930
257 353
257 438
257 540
257 796
257 852
257 963
258 492
258 607
258 616
258 644
258 779
258 825
258 838
258 842
259 291
259 324
259 436
259 587
259 683
259 686
259 781
259 817
259 908
259 989
260 340
260 630
261 269
261 273
261 608
261 650
261 695
261 709
261 716
261 840
261 951
262 458
262 505
262 516
262 543
262 571
262 596
262 604
262 623
262 804
262 853
262 876
263 282
263 547
263 829
263 909
264 285
264 354
264 558
264 586
264 646
265 298
265 342
265 418
265 441
265 485
265 519
265 794
265 856
265 939
265 971
265 984
266 270
266 302
266 856
266 859
266 899
266 949
267 330
267 686
267 721
267 768
267 835
268 363
268 526
268 609
268 680
268 736
268 852
268 924
269 289
269 466
269 498
269 504
269 598
269 840
269 868
269 987
270 544
270 592
270 595
270 873
270 899
271 289
271 313
271 333
271 458
271 727
271 882
271 986
272 277
272 342
272 432
272 499
272 781
272 825
272 874
272 902
272 929
273 297
273 527
273 616
273 645
273 834
274 343
274 350
274 700
274 751
274 793
274 824
274 941
275 288
275 389
275 482
275 594
275 677
275 783
275 935
276 423
276 644
276 679
276 927
277 293
277 356
277 490
277 583
277 616
277 677
277 680
277 707
277 840
277 921
277 987
278 291
278 412
278 560
278 575
278 611
278 669
278 847
278 908
279 403
279 447
279 547
279 638
279 715
279 718
279 934
279 939
280 465
280 683
280 724
280 778
280 932
280 968
281 313
281 389
281 615
281 629
281 665
281 719
281 727
281 837
281 971
282 287
282 351
282 353
282 505
282 670
283 339
283 399
283 492
283 497
283 659
283 681
283 834
283 875
283 899
284 325
284 652
284 814
284 871
285 318
285 676
285 724
285 880
286 323
286 376
286 637
286 661
286 679
286 687
286 695
286 728
286 920
286 925
286 937
286 959
287 617
287 641
287 650
287 651
287 672
287 723
287 731
287 801
287 825
287 829
287 923
288 591
288 622
288 667
288 709
288 721
288 738
288 847
288 896
289 304
289 368
289 451
289 518
289 929
290 518
290 563
290 774
290 796
290 990
291 691
291 872
292 322
292 375
292 378
292 467
292 483
292 527
292 549
292 574
292 670
292 694
292 748
292 766
292 782
292 822
292 915
293 425
293 675
293 718
293 870
293 932
294 360
294 391
294 499
294 527
294 542
294 560
294 592
294 786
294 821
294 838
294 903
295 401
295 458
295 659
295 790
295 994
295 996
296 407
296 435
296 653
297 340
297 394
297 395
297 416
297 581
297 745
297 791
297 946
297 959
298 374
298 587
298 639
298 663
298 990
299 366
299 481
299 537
299 625
299 822
299 999
300 440
300 445
300 526
300 582
300 625
300 714
300 833
300 859
300 999
301 527
301 557
301 657
301 964
302 333
302 435
302 542
302 605
302 673
302 882
302 936
303 848
304 333
304 369
304 386
304 401
304 524
304 580
304 606
304 641
304 708
304 721
304 997
305 510
305 623
305 814
305 817
305 894
305 990
306 327
306 509
306 587
306 592
306 595
306 721
306 753
306 762
306 788
306 841
306 977
307 520
307 563
307 725
307 827
307 907
307 916
307 972
308 509
308 618
308 639
308 650
308 710
308 748
308 852
308 883
308 997
309 373
309 656
309 883
309 884
309 897
310 312
310 425
310 463
310 478
310 694
310 704
310 748
310 789
310 830
310 831
310 943
311 412
311 541
311 550
311 605
311 609
311 667
311 946
312 398
312 442
312 581
312 798
312 818
312 824
312 917
312 929
313 355
313 374
313 646
313 709
313 716
313 747
313 805
313 922
313 963
314 457
314 492
314 548
314 668
314 670
314 794
314 869
314 984
315 340
315 421
315 874
315 891
316 358
316 386
316 417
316 624
316 801
316 820
316 828
316 872
317 584
317 660
317 708
317 732
317 840
318 531
318 598
318 620
318 775
319 476
319 496
319 552
319 601
319 780
319 866
319 910
319 920
319 959
320 326
320 386
320 406
320 425
320 451
320 812
320 992
321 324
321 437
321 648
321 663
321 739
321 831
321 850
321 926
322 418
322 595
322 630
322 688
322 757
322 843
322 862
322 884
322 975
323 325
323 505
323 548
323 633
323 752
323 755
323 872
324 373
324 418
324 465
324 502
324 541
324 666
324 802
324 977
325 379
325 428
325 488
325 494
325 536
325 595
325 602
325 621
325 954
326 373
326 483
326 824
326 879
326 988
327 350
327 459
327 545
327 640
327 667
327 739
327 853
327 995
328 406
328 534
328 761
328 777
328 782
328 812
328 834
328 893
328 896
329 343
329 662
329 696
329 779
329 832
329 868
330 427
330 502
330 585
330 592
330 641
330 821
330 845
331 510
331 567
331 674
331 899
332 351
332 578
333 354
333 419
333 477
333 523
333 524
333 541
333 556
333 629
333 677
333 686
333 803
333 859
334 335
334 423
334 550
334 623
334 625
334 837
334 893
334 978
335 362
335 389
335 482
335 484
335 506
335 559
335 732
335 766
335 821
335 894
335 922
335 976
336 450
336 495
336 585
336 648
336 786
336 841
336 889
337 348
337 364
337 456
337 493
337 498
337 563
337 569
337 595
337 620
338 355
338 460
338 494
338 712
338 828
338 866
339 523
339 637
339 829
339 855
339 941
339 1000
340 585
340 658
340 727
340 947
341 374
341 402
341 554
341 745
341 889
341 902
342 434
342 481
342 874
342 878
342 962
343 597
343 648
343 757
343 820
343 854
344 364
344 513
344 655
344 703
344 855
344 886
344 946
344 983
345 395
345 695
345 811
345 887
346 544
346 949
346 970
347 446
347 463
347 471
347 623
347 729
347 886
347 944
348 416
348 458
348 498
348 628
348 758
348 902
349 355
349 610
349 715
349 785
349 874
349 957
349 961
350 427
350 517
350 635
350 654
350 815
350 901
351 380
351 382
351 427
351 432
351 442
351 475
351 598
351 776
351 795
352 651
352 656
353 397
353 759
353 925
353 942
353 950
353 953
353 973
353 977
354 376
354 534
354 744
354 844
354 863
355 359
355 520
355 931
355 968
356 455
356 543
356 572
356 614
356 793
356 932
357 373
357 533
357 779
357 822
357 854
357 866
357 872
357 882
357 885
357 911
357 946
358 453
358 472
358 517
358 532
358 562
358 569
358 579
358 625
358 708
358 932
359 505
359 507
359 531
359 731
360 385
360 517
360 541
360 563
360 695
361 379
361 413
361 424
361 477
361 592
361 668
361 891
362 487
362 566
362 626
362 648
362 660
362 682
362 702
363 425
363 617
363 695
363 834
364 534
364 535
364 662
364 740
364 840
364 906
365 498
365 549
365 584
365 863
365 881
366 372
366 406
366 502
366 556
366 567
366 644
366 656
366 698
366 818
366 829
366 863
367 381
367 599
367 680
367 818
367 909
367 991
368 415
368 520
368 940
369 381
369 443
369 450
369 472
369 531
369 570
369 587
369 861
369 876
370 392
370 507
370 542
370 569
370 732
370 777
370 827
370 988
371 464
371 493
371 495
371 524
371 778
371 782
371 842
371 915
371 944
372 508
372 656
372 680
372 694
372 710
372 938
372 966
373 389
373 395
373 437
373 497
373 543
373 602
373 624
373 755
373 845
374 479
374 539
374 573
374 592
374 802
374 865
374 950
375 417
375 536
375 640
375 687
376 476
376 532
376 753
376 778
376 878
376 883
376 900
376 932
376 933
376 935
376 954
377 847
378 486
378 531
378 582
378 583
378 626
378 748
379 418
379 464
379 538
379 581
379 626
379 645
379 796
379 940
379 950
380 392
380 422
380 439
380 511
380 589
380 620
380 634
380 777
380 809
380 947
381 552
381 755
381 936
382 500
382 534
382 542
382 609
382 715
382 752
382 794
382 933
383 455
383 586
383 742
383 748
383 884
383 885
383 908
384 526
384 528
384 570
384 696
384 777
384 800
384 877
384 887
385 417
385 436
385 583
385 699
385 777
385 813
385 818
386 450
386 490
386 518
386 599
386 777
386 836
387 446
387 475
387 476
387 504
387 778
387 781
387 939
387 944
387 998
388 403
388 497
389 410
389 426
389 479
389 632
389 673
389 691
389 952
389 982
390 485
390 585
390 599
390 656
390 682
390 687
390 779
390 888
390 944
391 548
391 745
391 754
391 847
391 909
391 933
392 490
392 635
392 748
392 898
393 588
393 627
393 658
393 662
393 820
393 827
393 994
394 437
394 588
394 625
394 725
394 865
394 884
394 886
394 970
395 461
395 521
395 655
395 767
395 801
395 816
396 563
396 605
396 818
396 909
397 708
397 760
397 780
397 822
397 843
398 609
398 780
398 808
398 939
399 454
399 521
399 550
399 568
399 715
399 869
399 930
400 493
400 579
400 605
400 610
400 637
400 697
400 717
400 779
400 868
400 881
400 949
400 964
400 973
401 519
401 592
401 659
401 676
402 536
402 710
402 873
402 877
402 996
403 637
403 694
403 998
404 497
404 577
404 736
404 929
405 515
405 531
405 614
405 708
405 900
405 903
405 929
405 948
406 462
406 497
406 705
406 774
406 944
406 978
407 527
407 659
407 854
407 855
407 909
408 501
408 543
408 544
408 622
408 648
408 710
408 787
409 440
409 571
409 968
410 487
410 552
410 595
410 722
410 745
410 757
410 941
410 944
411 595
411 973
412 506
412 525
412 676
412 729
412 848
412 956
412 991
413 465
413 641
414 610
414 621
414 685
414 861
414 886
415 614
415 669
415 861
416 459
416 634
416 705
416 839
417 483
417 558
417 581
417 599
417 618
417 782
418 419
418 488
418 730
419 513
419 546
419 565
419 706
419 770
420 454
420 458
420 502
420 505
420 617
420 658
420 782
420 890
420 947
421 597
421 689
421 709
421 722
421 822
421 837
421 858
422 510
422 543
422 607
422 893
422 910
423 723
423 795
423 842
423 848
423 863
423 916
423 970
423 984
424 492
424 955
424 979
425 432
425 750
425 853
425 917
425 952
425 964
425 999
426 619
426 675
426 943
426 989
427 532
427 738
427 808
428 591
428 593
428 688
428 753
429 665
429 694
429 716
429 763
429 791
429 860
429 999
429 1000
430 459
430 585
430 717
430 735
430 786
430 846
431 471
431 478
431 488
431 545
431 607
431 622
432 572
432 754
432 769
432 775
432 832
433 578
433 849
434 528
434 541
434 654
434 686
434 832
434 875
434 877
434 952
435 493
435 626
435 784
436 492
436 597
436 634
436 636
436 639
436 662
436 699
436 815
436 839
436 855
436 1000
437 620
437 743
437 804
437 898
438 445
438 486
438 566
438 643
438 678
438 832
438 906
438 967
439 530
439 650
439 820
439 908
439 978
439 987
439 994
440 441
440 525
440 599
440 652
440 658
440 679
440 918
441 521
441 666
441 719
441 732
441 759
441 772
441 879
441 891
441 946
442 461
442 491
442 520
442 526
442 590
442 839
442 980
443 689
443 986
444 520
444 577
444 708
444 712
444 758
444 930
444 962
445 447
445 610
446 625
446 669
446 802
446 898
446 942
446 945
446 952
447 496
447 497
447 603
447 615
447 914
447 985
448 515
448 677
448 826
448 885
448 967
448 978
449 541
449 624
449 686
449 754
449 776
449 988
450 466
450 514
450 548
451 481
451 502
451 530
451 556
451 587
451 618
451 737
452 675
452 704
452 781
453 803
454 522
454 593
454 799
454 828
454 851
454 953
455 514
455 516
455 593
455 608
455 717
455 754
455 991
456 587
456 589
456 666
456 773
456 929
456 939
457 513
457 546
457 616
457 701
457 739
457 748
457 795
457 925
457 956
457 995
458 503
458 610
458 672
458 779
458 854
459 582
459 637
459 765
459 839
459 904
459 985
460 500
460 512
460 679
460 714
460 716
460 795
461 468
461 494
461 556
461 596
461 606
461 981
462 528
462 530
462 632
462 782
463 478
463 519
463 557
463 612
463 736
463 748
464 501
464 792
464 826
465 476
465 627
465 634
465 705
465 842
465 845
465 846
466 467
466 592
466 786
466 841
466 909
467 516
467 546
467 569
467 571
467 596
467 771
467 898
467 992
468 536
468 650
468 664
468 755
468 773
469 522
469 566
469 637
469 925
470 502
470 523
470 683
470 861
470 876
471 855
471 890
471 957
471 978
472 643
472 724
472 858
472 947
473 564
473 613
473 657
473 704
474 919
475 511
475 531
475 548
475 561
475 581
475 583
475 673
475 678
475 691
475 694
475 715
475 716
475 728
475 904
475 945
475 980
475 993
476 544
476 638
476 644
476 749
476 789
477 611
477 763
478 501
478 536
478 714
478 776
478 809
478 865
478 953
478 968
478 976
479 483
479 554
479 560
479 597
479 655
479 680
479 949
480 488
480 502
480 521
480 620
480 655
480 787
480 849
481 508
481 512
481 626
481 998
482 483
482 484
482 494
482 798
482 801
482 899
482 989
483 587
483 681
483 790
483 819
484 679
484 772
484 775
484 777
485 679
486 719
486 755
486 765
486 809
486 831
486 982
487 538
487 672
487 740
487 762
487 964
487 983
488 580
488 629
488 658
488 671
488 736
488 791
488 925
488 992
489 515
489 542
489 639
489 706
489 848
489 849
490 656
490 814
491 743
491 806
491 959
492 597
492 801
492 863
492 869
493 525
493 570
493 730
493 838
494 622
494 763
494 869
494 954
495 565
495 857
495 890
495 922
495 958
496 759
497 498
497 718
497 748
497 791
498 601
498 610
498 636
498 869
498 907
499 613
499 909
499 982
500 695
500 725
500 851
500 904
500 907
501 524
501 652
501 688
501 911
502 601
502 771
503 522
503 571
503 584
503 613
503 846
503 849
503 969
504 758
504 805
504 976
505 662
505 713
505 766
506 831
506 858
506 878
506 907
507 517
507 767
507 812
507 880
507 966
507 992
508 648
508 737
508 799
508 949
509 521
509 580
509 756
509 935
509 999
510 513
510 657
510 740
510 750
510 779
510 982
511 720
511 767
511 773
512 544
512 971
513 792
513 827
514 520
514 532
514 605
514 624
514 689
515 519
515 831
515 871
515 962
516 542
516 729
516 751
517 561
517 604
517 758
518 554
518 629
518 637
518 658
518 773
518 877
519 540
519 798
519 809
519 870
519 939
519 988
520 584
520 659
520 663
520 764
521 862
521 883
521 901
521 986
522 533
522 674
522 779
522 782
522 856
523 542
523 584
523 755
523 789
523 825
523 958
524 664
524 712
524 754
524 989
525 573
525 642
525 715
525 745
525 754
525 762
525 850
526 660
526 898
527 593
527 806
528 539
528 632
528 656
528 663
528 698
529 704
529 709
529 941
529 997
530 551
530 589
530 663
530 668
530 940
530 956
530 958
530 967
531 536
531 550
531 556
531 602
532 630
532 653
532 847
532 865
533 591
533 605
533 744
533 755
534 605
534 633
534 651
534 869
535 554
535 681
535 713
535 748
535 807
535 938
536 661
536 799
537 701
537 730
537 772
537 809
537 860
537 902
537 990
538 901
538 970
538 997
539 617
539 640
539 770
539 778
539 797
539 831
539 936
539 955
540 750
540 810
541 599
541 705
541 767
541 948
542 661
542 735
542 802
542 922
542 973
543 576
543 830
543 855
543 872
543 890
543 928
543 951
544 615
544 629
544 643
544 722
544 741
544 779
544 794
544 807
545 599
545 719
545 845
545 933
546 603
546 906
546 920
546 971
547 616
547 625
547 686
547 696
547 764
547 855
547 860
548 584
548 588
548 682
548 911
548 940
550 557
550 592
550 752
550 815
550 925
551 569
551 983
552 832
552 849
552 904
552 965
553 627
553 675
553 725
553 840
553 861
554 611
554 708
554 801
554 908
554 935
554 983
555 591
555 596
555 645
555 763
556 793
556 999
557 573
557 721
557 725
557 748
557 881
558 563
558 759
558 792
558 839
558 957
559 841
559 875
559 928
559 991
560 714
560 739
560 812
560 894
560 964
561 820
561 966
562 676
562 737
562 740
562 896
562 919
562 967
563 650
563 710
563 714
563 716
563 842
563 879
564 704
564 723
564 983
565 727
565 775
565 823
565 982
566 875
566 951
567 678
567 824
567 995
568 634
568 738
568 795
568 844
568 887
569 595
569 733
569 768
569 947
570 643
570 693
570 745
570 961
571 627
571 644
571 756
571 775
571 811
571 870
571 890
571 945
571 968
572 680
572 729
572 811
572 882
572 920
572 923
572 928
573 601
574 583
574 630
574 704
574 748
574 890
574 904
574 995
575 654
575 747
575 809
575 832
575 896
575 941
576 598
576 616
576 745
577 625
577 720
577 761
577 799
577 944
577 979
578 800
579 812
579 879
579 985
580 700
580 982
581 703
581 931
582 604
582 812
582 887
583 601
583 626
583 692
583 744
584 624
584 700
584 736
584 775
584 896
584 990
585 604
585 713
585 819
585 822
585 835
585 936
586 605
586 856
586 898
586 907
587 849
587 946
588 601
588 630
588 667
588 696
588 870
588 951
589 642
589 750
589 786
590 717
590 855
590 908
590 917
590 947
591 853
592 703
592 907
593 700
593 896
593 919
593 924
593 929
593 998
594 629
594 644
594 703
594 714
594 718
594 729
594 779
594 806
594 936
595 645
595 696
595 825
595 926
595 963
595 967
595 986
596 618
596 713
596 756
596 815
596 899
597 687
597 912
597 920
598 656
598 840
598 891
598 907
598 970
598 992
600 604
600 650
600 703
600 766
600 826
600 868
600 947
601 643
601 811
601 995
602 639
602 745
602 752
602 825
602 838
603 702
603 773
603 868
603 936
603 1000
604 643
604 940
605 626
605 646
605 738
605 923
605 966
606 666
606 710
606 742
606 770
606 924
607 635
607 696
607 798
607 923
608 706
608 732
608 927
609 749
609 852
609 881
610 857
610 882
610 955
611 616
611 631
611 652
611 665
611 728
611 920
612 646
612 907
613 809
613 909
613 985
614 921
614 941
615 659
615 710
615 888
615 991
616 641
616 680
616 720
616 730
616 784
616 890
616 987
617 624
617 689
617 745
617 769
618 700
618 882
619 958
619 981
620 635
620 955
620 960
621 656
621 662
621 668
621 763
621 771
621 881
621 900
621 930
621 966
622 643
622 707
622 837
623 734
623 890
624 726
624 763
624 901
624 983
625 738
625 851
626 629
626 634
626 735
626 766
626 785
627 661
627 714
628 644
628 676
628 826
628 920
628 926
629 650
629 736
629 760
629 892
629 924
630 765
630 860
631 692
631 815
631 892
632 658
632 894
632 904
633 869
633 885
633 990
633 999
634 849
634 961
635 638
635 835
636 746
636 786
636 879
636 994
637 664
637 720
637 854
638 780
638 825
638 851
639 731
639 812
639 825
639 968
640 706
640 776
640 811
641 648
641 946
642 677
642 719
642 786
642 821
643 737
644 667
644 679
644 802
644 843
644 978
645 820
645 943
645 1000
646 670
646 748
646 771
647 920
648 945
648 999
649 851
650 671
650 786
650 818
650 908
650 942
650 949
650 962
650 988
651 794
651 844
651 888
651 944
651 998
652 782
652 878
652 895
653 654
653 671
654 799
654 830
655 701
655 709
655 732
655 792
656 866
656 870
657 759
657 792
658 745
658 848
658 879
658 982
659 925
659 948
659 990
660 758
660 761
661 761
661 852
662 666
662 730
662 932
662 999
663 681
663 729
663 735
663 784
664 675
664 707
664 713
664 793
664 833
665 803
666 746
666 759
666 780
666 996
667 691
667 730
667 844
667 994
668 708
668 721
668 738
668 814
668 834
668 953
668 969
668 973
669 684
669 714
669 799
669 805
669 916
669 947
669 975
669 986
670 712
670 834
670 904
670 973
670 974
670 978
670 992
671 723
671 728
671 776
671 886
671 932
672 686
672 749
672 805
672 832
672 850
672 957
673 707
673 710
673 833
673 838
673 922
674 682
674 714
674 753
674 908
674 921
674 945
674 958
675 740
676 805
676 836
676 918
676 970
676 995
677 717
677 733
677 805
677 854
677 894
678 684
678 858
678 861
679 681
679 691
679 782
679 858
679 870
680 693
680 839
680 843
680 954
680 958
681 930
681 944
682 691
682 707
682 746
682 798
682 836
683 731
683 794
683 954
684 875
685 808
685 833
686 704
686 732
686 737
686 778
686 890
686 900
687 752
687 796
687 903
688 721
688 750
688 879
688 898
688 920
688 979
689 770
689 906
689 999
690 773
690 969
691 819
691 906
692 726
692 748
692 857
692 863
692 997
693 705
693 755
694 735
694 873
694 918
695 861
695 886
696 747
696 864
697 883
697 946
698 708
698 828
699 776
699 975
700 716
700 776
700 951
700 978
701 941
701 993
702 760
702 963
702 965
703 744
703 808
703 895
703 946
703 992
703 993
704 754
704 948
704 981
705 744
705 827
705 843
706 711
706 851
707 857
707 937
708 730
708 750
710 891
710 946
711 723
711 748
711 803
711 939
712 716
712 900
712 917
714 802
714 838
714 851
714 858
714 923
715 825
715 876
716 948
718 752
718 775
718 791
718 910
718 965
718 991
719 770
719 818
719 885
720 809
720 992
721 805
721 942
721 957
722 768
722 791
722 806
722 838
722 840
722 869
722 954
723 777
723 868
723 930
724 738
724 814
725 762
725 902
725 904
726 962
726 975
728 838
728 843
728 960
729 816
729 889
730 792
730 804
730 862
730 957
730 962
730 981
731 922
731 939
731 968
732 978
733 767
733 925
734 749
734 770
734 785
734 797
735 907
735 917
736 759
736 835
736 865
738 808
738 826
738 852
740 978
741 993
742 745
742 747
742 814
742 881
742 906
742 920
743 830
743 843
743 938
744 818
744 883
745 753
746 952
746 972
747 750
747 830
748 760
748 848
748 905
749 767
749 777
749 808
749 812
749 838
749 916
750 875
750 895
750 918
752 770
752 785
752 933
752 940
752 999
753 776
753 798
753 855
754 758
754 811
754 900
754 957
755 786
756 799
756 836
756 947
757 818
757 863
757 891
757 922
758 762
758 834
758 886
758 904
759 774
759 791
759 881
759 891
759 897
759 985
760 944
761 804
761 808
761 914
762 810
762 915
762 980
763 923
764 825
765 807
765 877
766 807
766 836
766 903
766 940
767 808
767 818
767 919
769 814
769 861
770 895
772 782
772 794
772 867
772 979
772 991
773 938
773 964
774 836
774 976
774 998
775 897
775 912
776 925
777 797
778 941
779 968
779 994
780 802
780 836
780 862
781 800
781 828
783 1000
784 813
784 872
784 912
787 885
787 912
788 790
788 805
788 984
789 828
790 910
790 927
791 886
792 809
792 819
792 876
792 906
792 936
792 948
793 858
793 901
794 962
795 820
795 838
795 909
796 840
796 877
796 995
797 816
797 835
797 875
798 856
798 883
798 957
799 839
800 829
800 874
800 999
801 988
802 825
802 870
802 912
802 923
802 947
803 951
803 974
805 901
806 822
806 878
806 938
807 816
808 818
808 887
808 920
809 860
809 921
809 931
810 836
810 858
811 896
812 922
812 994
814 863
815 888
815 895
815 923
815 946
816 860
816 865
816 979
816 993
817 883
818 935
818 961
819 858
819 863
819 874
819 923
819 945
819 959
821 830
821 852
822 840
823 855
823 946
823 982
825 943
826 970
827 903
828 884
828 949
829 840
829 872
831 938
833 925
833 956
834 847
834 874
834 950
835 903
836 984
837 866
837 961
838 852
838 914
839 848
839 933
839 940
839 959
839 986
840 888
841 925
841 968
843 906
844 863
844 888
844 970
845 935
845 971
846 883
846 915
846 968
847 981
848 937
848 1000
849 872
849 941
849 967
850 934
852 892
856 927
856 998
857 896
857 919
858 922
858 988
860 872
860 882
860 935
861 916
861 929
861 938
861 946
861 960
861 990
862 874
869 918
870 899
870 956
870 998
871 898
871 933
871 993
872 923
872 927
873 883
873 908
873 951
874 926
875 955
877 947
878 896
879 950
879 979
880 887
880 989
881 889
881 920
882 898
883 934
884 951
884 958
885 934
885 978
889 1000
890 964
890 987
892 912
892 936
893 926
893 979
895 948
897 970
899 982
899 994
904 963
904 983
906 944
908 937
909 969
909 972
914 975
915 946
917 932
917 959
917 994
919 949
919 995
919 998
921 997
923 991
926 997
929 951
930 948
931 987
933 936
934 949
934 967
938 965
938 997
943 957
946 984
949 996
957 958
958 964
958 983
959 961
959 974
966 987
967 1000
981 996
982 991
992 999
993 994
