0 248
0 663
0 1027
0 1297
0 1307
0 1413
0 1507
1 23
1 174
1 820
1 1020
1 1220
1 1458
1 1505
1 1554
1 1764
1 1842
2 427
2 527
2 821
2 899
2 1008
2 1097
2 1103
2 1760
2 1908
2 1926
3 1219
3 1232
3 1616
4 151
4 227
4 465
4 483
4 841
4 1109
4 1275
4 1612
4 1799
4 1930
5 226
5 317
5 354
5 641
5 686
5 769
5 1441
5 1665
5 1757
6 61
6 212
6 264
6 271
6 332
6 492
6 1738
6 1749
6 1862
7 15
7 326
7 347
7 694
7 829
7 1079
7 1119
7 1182
7 1259
7 1434
7 1564
7 1767
7 1933
8 290
8 507
8 573
8 1275
8 1459
8 1462
8 1675
8 1849
9 187
9 217
9 679
9 706
9 979
9 1021
9 1060
9 1339
9 1943
10 363
10 369
10 756
10 798
10 973
10 1060
10 1202
10 1476
10 1768
11 391
11 505
11 578
11 732
11 798
11 931
11 1035
11 1137
11 1141
11 1301
11 1397
11 1649
11 1893
12 460
12 464
12 587
12 636
12 1051
12 1345
12 1706
12 1731
13 39
13 96
13 102
13 121
13 401
13 1230
14 477
14 530
14 567
14 1042
14 1176
14 1398
14 1689
14 1890
15 179
15 352
15 1304
15 1421
15 1564
16 476
16 599
16 714
16 959
16 1461
16 1883
17 242
17 432
17 920
17 973
17 1707
17 1982
18 422
18 428
18 878
18 1155
18 1283
18 1305
18 1473
18 1500
18 1993
19 33
19 336
19 784
19 815
19 833
19 1215
19 1698
19 1816
20 64
20 227
20 282
20 608
20 773
20 880
20 1040
20 1059
20 1060
20 1312
21 276
21 454
21 462
21 916
21 947
21 966
21 1057
21 1101
21 1267
21 1392
21 1856
22 361
22 422
22 502
22 641
22 707
22 960
22 1286
22 1310
22 1806
22 1908
23 149
23 287
23 983
23 1223
23 1284
23 1467
23 1566
23 1763
23 1920
24 668
24 785
24 1071
24 1254
24 1529
24 1755
25 50
25 104
25 397
25 583
25 731
25 912
25 1026
25 1194
25 1253
25 1309
25 1448
25 1755
25 1822
26 32
26 257
26 286
26 379
26 423
26 1840
27 84
27 1012
27 1048
27 1211
27 1256
27 1480
27 1762
27 1940
28 131
28 509
28 917
28 976
28 1037
28 1533
29 170
29 384
29 398
29 480
29 646
29 649
29 736
29 969
29 1022
29 1379
29 1427
29 1536
29 1605
29 1630
29 1784
30 74
30 148
30 247
30 259
30 809
30 1880
30 1958
31 365
31 480
31 1031
31 1162
31 1189
31 1329
31 1491
31 1603
31 1806
31 1962
32 423
32 635
32 1408
32 1452
33 374
33 1173
33 1437
33 1519
33 1725
33 1912
33 1982
33 1985
34 199
34 774
34 810
34 846
34 1199
34 1461
35 112
35 147
35 404
35 769
35 781
35 831
35 974
35 1071
35 1207
35 1222
35 1846
35 1856
36 48
36 132
36 159
36 276
36 423
36 487
36 574
36 655
36 748
36 824
36 1065
36 1609
36 1723
37 182
37 439
37 894
37 1036
37 1265
37 1644
38 103
38 297
38 413
38 1035
38 1095
38 1217
38 1269
38 1396
38 1692
38 1859
39 91
39 202
39 303
39 342
39 363
39 579
39 774
39 1038
39 1152
39 1171
39 1202
39 1383
39 1559
39 1686
39 1857
39 1962
40 391
40 429
40 849
40 1225
40 1355
40 1464
40 1480
40 1563
40 1575
40 1608
40 1637
41 67
41 94
41 145
41 222
41 546
41 640
41 759
41 838
41 995
41 1207
41 1315
41 1421
41 1581
41 1753
42 63
42 481
42 519
42 701
42 815
42 1149
42 1368
43 169
43 178
43 445
43 553
43 797
43 1362
43 1597
43 1638
43 1836
43 1931
43 1960
44 175
44 360
44 708
44 876
44 1376
44 1403
45 573
45 823
45 911
45 1009
45 1168
45 1546
45 1946
45 1992
46 362
46 442
46 667
46 750
46 1261
47 484
47 646
47 664
47 968
47 1062
47 1458
47 1560
47 1836
48 69
48 105
48 133
48 208
48 449
48 494
48 868
48 1222
48 1642
48 1909
49 97
49 168
49 282
49 950
49 951
49 1143
49 1290
49 1293
49 1342
49 1354
49 1789
50 169
50 565
50 569
50 637
50 757
50 762
50 853
50 1320
50 1829
51 62
51 138
51 790
51 997
51 1226
51 1405
51 1485
51 1764
51 1783
52 183
52 343
52 346
52 426
52 459
52 506
52 704
52 740
52 779
52 1026
52 1199
52 1298
52 1611
52 1626
52 1800
52 1931
53 241
53 271
53 813
53 843
53 1004
53 1012
53 1026
54 394
54 961
54 1058
54 1165
54 1444
54 1606
54 1648
54 1957
55 476
55 749
55 946
55 1202
55 1304
55 1581
55 1583
55 1661
55 1883
55 1992
56 262
56 502
56 569
56 678
56 719
56 759
56 819
56 1057
56 1440
56 1589
56 1836
57 310
57 561
57 786
57 906
57 1305
58 300
58 327
58 736
58 918
58 1190
58 1451
58 1621
58 1882
58 1887
58 1889
59 561
59 719
59 833
59 1227
59 1270
59 1392
60 203
60 325
60 392
60 471
60 813
60 907
60 1025
60 1092
60 1330
60 1356
60 1685
60 1799
61 699
61 994
61 1022
61 1483
61 1488
61 1659
61 1661
62 397
62 654
62 930
62 1103
62 1161
62 1260
62 1733
62 1752
62 1890
63 189
63 265
63 352
63 355
63 400
63 516
63 542
63 552
63 852
63 910
63 987
63 1303
63 1411
63 1676
64 76
64 521
64 759
64 968
64 1853
65 117
65 128
65 238
65 585
65 646
65 1170
65 1253
65 1397
65 1424
65 1536
65 1710
65 1775
65 1798
65 1808
66 277
66 488
66 791
66 891
66 927
66 1002
66 1064
66 1186
66 1752
67 286
67 970
67 1048
67 1144
67 1559
67 1646
67 1736
67 1803
67 1923
67 1929
68 443
68 1072
68 1421
68 1618
68 1760
69 155
69 178
69 460
69 488
69 1121
69 1199
69 1200
69 1204
70 168
70 448
70 901
70 978
70 1230
70 1316
70 1431
70 1818
71 120
71 382
71 392
71 600
71 772
71 1248
71 1597
71 1750
71 1904
71 1918
72 230
72 506
72 558
72 749
72 1658
72 1693
72 1730
72 1768
73 121
73 313
73 980
73 1027
73 1061
73 1599
73 1865
74 194
74 279
74 406
74 418
74 419
74 748
74 759
74 761
74 1832
75 224
75 611
75 615
75 824
75 906
75 1125
75 1138
75 1267
75 1609
75 1933
76 169
76 179
76 478
76 519
76 539
76 647
76 1020
76 1130
76 1830
77 83
77 418
77 488
77 1003
77 1025
77 1213
77 1724
77 1750
78 86
78 144
78 192
78 405
78 1054
78 1153
78 1179
78 1190
78 1811
79 201
79 292
79 310
79 388
79 548
79 626
79 774
79 800
79 1105
79 1140
79 1416
79 1541
79 1893
80 364
80 756
80 1034
80 1063
80 1113
80 1156
80 1679
80 1765
80 1778
80 1934
81 146
81 261
81 304
81 449
81 666
81 791
81 1009
81 1132
81 1428
81 1675
81 1965
82 268
82 327
82 448
82 832
82 867
82 1171
82 1396
82 1421
82 1524
82 1578
82 1668
82 1764
83 367
83 761
83 828
83 903
83 1024
83 1101
83 1414
83 1602
83 1838
84 601
84 810
84 1053
84 1125
84 1436
84 1499
85 279
85 312
85 399
85 857
85 1001
85 1114
85 1212
85 1234
85 1466
85 1476
85 1507
85 1704
85 1752
85 1802
85 1909
86 219
86 260
86 467
86 490
86 665
86 790
86 1756
86 1889
86 1996
87 224
87 465
87 501
87 590
87 595
87 708
87 796
87 810
87 965
87 1016
87 1137
87 1342
87 1355
87 1371
87 1547
87 1905
88 791
88 1537
88 1635
88 1744
88 1789
89 139
89 144
89 369
89 474
89 713
89 966
89 1069
89 1461
90 145
90 178
90 808
90 919
90 1088
90 1194
90 1533
90 1693
90 1947
90 1974
91 248
91 345
91 697
91 1044
91 1300
91 1359
91 1607
91 1978
92 282
92 298
92 313
92 391
92 396
92 427
92 649
92 713
92 903
92 932
92 956
92 998
92 1015
92 1423
92 1467
92 1637
92 1684
93 168
93 288
93 852
93 1080
93 1266
93 1393
93 1402
93 1600
94 376
94 618
94 1205
94 1261
94 1441
94 1539
94 1742
94 1846
95 123
95 190
95 342
95 584
95 626
95 663
95 1963
96 349
96 353
96 391
96 645
96 789
96 864
96 1233
96 1281
96 1351
96 1432
96 1439
96 1575
97 128
97 133
97 732
97 811
97 813
97 937
97 1013
97 1316
97 1466
97 1703
97 1820
97 1869
98 178
98 438
98 575
98 588
98 947
98 1206
98 1232
98 1390
98 1549
98 1562
99 131
99 774
99 820
99 915
99 1029
99 1411
99 1633
99 1863
99 1881
99 1912
100 111
100 381
100 403
100 511
100 579
100 654
100 661
100 709
100 1100
100 1529
100 1569
100 1720
101 794
101 1110
101 1198
101 1348
102 429
102 471
102 538
102 720
102 774
102 899
102 1056
102 1532
102 1541
102 1561
102 1649
102 1836
103 384
103 402
103 777
103 805
103 1458
104 474
104 577
104 937
104 1814
105 934
105 1009
105 1598
106 393
106 1160
106 1224
106 1229
106 1254
106 1554
106 1558
106 1568
106 1836
106 1926
107 340
107 409
107 619
107 1045
107 1622
107 1680
107 1747
107 1937
108 116
108 196
108 423
108 510
108 665
108 715
108 785
108 806
108 1127
108 1253
108 1344
108 1570
108 1768
108 1956
109 653
109 667
109 673
109 843
109 851
109 924
109 1026
109 1038
109 1050
109 1090
109 1115
109 1168
109 1302
109 1488
109 1520
109 1864
109 1932
110 119
110 222
110 411
110 528
110 776
110 810
110 999
110 1073
110 1221
110 1429
110 1469
110 1471
110 1473
110 1659
110 1702
110 1866
110 1949
111 117
111 147
111 410
111 666
111 1216
111 1227
111 1311
111 1426
111 1516
111 1601
111 1796
111 1899
112 558
112 639
112 642
112 739
112 762
112 887
112 1162
112 1244
112 1282
112 1646
112 1940
112 1973
113 515
113 621
113 735
113 787
113 888
113 898
113 1324
113 1505
113 1507
114 215
114 383
114 484
114 727
114 991
114 1258
114 1483
114 1557
114 1715
114 1895
114 1933
114 1961
115 181
115 189
115 650
115 705
115 1434
115 1887
116 176
116 333
116 387
116 544
116 549
116 623
116 624
116 1753
117 313
117 330
117 403
117 752
117 840
117 949
117 1042
117 1051
117 1077
117 1127
117 1350
117 1539
117 1582
117 1640
117 1747
117 1793
118 220
118 1055
118 1112
118 1165
118 1362
118 1474
118 1480
118 1526
118 1890
118 1998
119 283
119 508
119 673
119 1055
119 1382
119 1844
119 1991
120 193
120 328
120 800
120 817
120 895
120 1033
120 1152
120 1491
120 1846
121 229
121 776
121 787
121 847
121 1241
121 1248
122 126
122 258
122 911
122 956
122 1176
122 1485
122 1939
123 130
123 509
123 720
123 999
123 1243
123 1323
123 1612
123 1801
123 1835
123 1864
124 133
124 562
124 638
124 683
124 810
124 1232
124 1669
124 1822
124 1894
125 249
125 351
125 445
125 495
125 788
125 800
125 817
125 857
125 901
125 981
125 1048
125 1055
125 1295
125 1695
126 168
126 454
126 564
126 641
126 656
126 734
126 736
126 760
126 1016
126 1154
126 1565
126 1608
126 1653
126 1854
127 195
127 399
127 460
127 685
127 1270
127 1447
127 1615
127 1922
128 329
128 424
128 1190
128 1391
128 1607
128 1617
128 1816
129 343
129 429
129 867
129 1055
129 1905
129 1987
130 204
130 321
130 609
130 665
130 694
130 1858
131 350
131 462
131 641
131 695
131 1908
132 141
132 163
132 412
132 482
132 839
132 848
132 1009
132 1120
132 1196
132 1205
132 1355
132 1451
132 1527
132 1955
133 286
133 406
133 482
133 599
133 699
133 744
133 946
133 1458
133 1472
133 1709
133 1892
133 1922
134 697
134 765
134 880
134 911
134 1271
134 1386
134 1747
135 472
135 540
135 859
135 1006
135 1081
135 1179
135 1255
135 1583
135 1725
135 1750
135 1872
135 1900
135 1963
136 671
136 725
136 900
136 1354
136 1573
136 1889
136 1919
136 1949
137 144
137 187
137 200
137 353
137 494
137 727
137 1173
137 1664
138 366
138 560
138 563
138 600
138 627
138 671
138 720
138 1057
138 1274
138 1441
138 1724
138 1774
139 150
139 623
139 979
139 1332
139 1453
139 1534
139 1816
139 1935
140 212
140 213
140 410
140 611
140 770
140 917
140 1572
141 571
141 705
141 839
141 885
141 1134
141 1402
142 211
142 233
142 350
142 455
142 484
142 540
142 673
142 1249
142 1531
142 1871
143 256
143 487
143 534
143 552
143 606
143 839
143 1314
143 1503
143 1547
143 1894
144 284
144 540
144 554
144 786
144 905
144 991
144 1060
144 1183
144 1258
144 1505
144 1534
144 1606
144 1623
144 1921
144 1955
145 493
145 1160
145 1726
146 299
146 434
146 435
146 486
146 708
146 906
146 917
146 1163
146 1196
146 1680
146 1739
146 1827
146 1931
146 1940
146 1966
147 158
147 213
147 359
147 1531
147 1718
148 236
148 492
148 653
148 810
148 814
148 845
148 849
148 1016
148 1099
148 1296
148 1319
148 1400
148 1417
148 1525
148 1637
148 1695
149 151
149 361
149 555
149 565
149 584
149 679
149 1027
149 1101
149 1140
149 1330
149 1457
149 1614
149 1646
149 1649
149 1756
149 1823
149 1923
150 494
150 552
150 659
150 1214
150 1490
150 1494
150 1796
150 1834
150 1955
151 187
151 320
151 453
151 716
151 1205
151 1318
151 1517
151 1605
151 1774
151 1823
152 215
152 485
152 635
152 1047
152 1188
152 1425
152 1516
153 367
153 400
153 476
153 597
153 781
153 985
153 1278
153 1521
153 1710
153 1901
153 1903
154 827
154 866
154 916
154 1148
154 1280
154 1430
154 1441
154 1528
154 1817
154 1961
155 162
155 231
155 483
155 767
155 1086
155 1280
155 1308
155 1697
155 1803
156 682
156 864
156 1112
156 1148
156 1646
156 1864
156 1940
157 342
157 366
157 966
157 1087
157 1164
157 1239
157 1354
157 1532
157 1550
157 1779
157 1895
158 176
158 472
158 493
158 804
158 1090
158 1335
158 1428
158 1554
158 1664
159 655
159 699
159 849
159 1081
159 1188
159 1751
159 1782
160 226
160 294
160 313
160 327
160 405
160 446
160 521
160 529
160 1013
160 1469
160 1985
160 1992
161 477
161 496
161 680
161 709
161 856
161 1265
161 1418
161 1558
161 1734
161 1791
161 1864
162 408
162 657
162 712
162 997
162 1316
162 1621
162 1717
162 1953
163 254
163 473
163 588
163 935
163 1150
163 1441
163 1560
163 1580
163 1767
163 1912
163 1943
164 252
164 284
164 338
164 566
164 596
164 1168
164 1225
164 1262
164 1685
164 1818
164 1834
164 1877
164 1894
165 267
165 290
165 431
165 818
165 845
165 903
165 1846
165 1967
166 396
166 443
166 1149
166 1230
166 1482
166 1916
167 217
167 234
167 532
167 787
167 1034
167 1040
167 1125
167 1165
168 182
168 205
168 620
168 857
168 1374
168 1454
168 1469
168 1554
168 1614
168 1853
169 223
169 662
169 744
169 1014
169 1107
169 1231
169 1246
169 1366
169 1559
169 1595
170 201
170 313
170 790
170 803
170 997
170 1198
170 1476
170 1892
170 1970
171 213
171 238
171 245
171 1266
171 1679
171 1832
172 261
172 598
172 599
172 614
172 658
172 921
172 1265
172 1900
173 389
173 765
173 1532
173 1654
174 369
174 423
174 427
174 572
174 579
174 623
174 624
174 685
174 1021
174 1190
174 1197
174 1360
174 1391
174 1609
174 1661
174 1772
175 368
175 1471
175 1576
175 1605
175 1889
176 373
176 493
176 618
176 687
176 745
176 904
176 914
176 988
176 1388
176 1637
176 1912
176 1939
177 303
177 364
177 639
177 803
177 926
177 1192
177 1244
177 1415
177 1807
177 1899
177 1919
178 282
178 385
178 515
178 615
178 850
178 1176
178 1411
178 1455
178 1554
178 1585
178 1604
178 1661
178 1692
178 1780
179 568
179 579
179 652
179 841
179 865
179 1343
179 1615
179 1721
179 1725
179 1766
179 1818
179 1824
180 199
180 360
180 1236
180 1283
180 1620
180 1650
180 1803
180 1846
181 449
181 458
181 472
181 575
181 592
181 760
181 797
181 968
181 1147
181 1159
181 1208
181 1291
181 1800
182 223
182 297
182 691
182 1436
182 1544
182 1833
182 1842
182 1970
183 348
183 393
183 518
183 530
183 652
183 737
183 769
183 783
183 793
183 948
183 1276
183 1333
183 1439
183 1462
183 1486
183 1970
184 384
184 780
184 1151
184 1217
184 1352
184 1431
184 1904
185 1277
185 1280
185 1510
185 1869
186 652
186 687
186 692
186 918
186 1071
187 260
187 345
187 556
187 845
187 993
187 1247
187 1347
187 1393
187 1437
187 1466
187 1469
187 1871
187 1964
188 457
188 506
188 514
188 541
188 595
188 750
188 1166
188 1348
188 1753
189 318
189 542
189 763
189 783
189 833
189 918
189 1132
189 1175
189 1339
189 1456
189 1594
189 1887
190 193
190 516
190 1505
190 1565
190 1862
190 1952
191 600
191 691
191 1036
191 1198
191 1215
191 1348
191 1583
191 1920
192 250
192 780
192 971
192 1122
192 1552
192 1943
193 350
193 380
193 481
193 551
193 708
193 746
193 1073
194 647
194 648
194 830
194 851
194 1024
194 1315
195 636
195 905
195 962
195 1291
195 1495
195 1805
196 401
196 425
196 526
196 831
196 1180
196 1734
196 1917
197 583
197 693
197 792
197 872
197 1056
197 1132
197 1339
197 1863
198 539
198 620
198 919
198 949
198 1017
198 1083
198 1431
198 1697
198 1989
199 326
199 847
199 977
199 1158
199 1169
199 1292
199 1657
199 1694
199 1763
199 1837
200 608
200 724
200 730
200 923
200 1059
200 1421
200 1577
201 664
201 751
201 1205
201 1272
201 1594
201 1740
201 1743
201 1754
201 1781
201 1805
201 1868
202 482
202 1226
202 1354
202 1461
202 1484
202 1586
202 1829
203 389
203 719
203 793
203 1686
203 1843
204 549
204 587
204 771
204 1065
204 1333
204 1398
204 1401
204 1524
204 1738
204 1787
205 336
205 513
205 556
205 806
205 807
205 1149
205 1501
205 1796
205 1897
206 444
206 810
206 883
206 1032
206 1137
206 1602
206 1654
206 1722
206 1793
206 1873
206 1999
207 315
207 397
207 458
207 787
207 833
207 1128
207 1380
207 1665
207 1880
208 220
208 775
208 787
208 940
208 1117
208 1857
209 431
209 447
209 475
209 478
209 658
209 925
209 970
209 1319
209 1364
209 1742
209 1754
209 1886
210 372
210 630
210 678
210 1054
210 1452
210 1507
210 1751
210 1784
210 1872
211 331
211 492
211 609
211 811
211 1051
211 1397
211 1398
211 1616
211 1638
212 213
212 590
212 674
212 1028
212 1195
212 1214
212 1466
212 1488
212 1595
212 1818
213 251
213 576
213 599
213 714
213 1581
213 1859
213 1920
214 252
214 906
214 941
214 964
214 1258
214 1729
214 1832
214 1893
215 354
215 557
215 667
215 962
215 1032
215 1343
215 1492
215 1511
215 1799
215 1881
215 1890
215 1893
216 342
216 921
216 934
216 949
216 1008
216 1058
216 1167
216 1519
216 1810
216 1881
216 1988
217 327
217 460
217 861
217 1060
217 1462
217 1573
217 1719
217 1926
218 766
218 786
218 837
218 1075
218 1093
218 1406
218 1577
218 1703
218 1929
218 1961
219 905
219 1088
219 1288
219 1399
219 1918
219 1920
220 498
220 534
220 898
220 964
220 1377
220 1524
220 1686
220 1713
220 1722
220 1754
220 1831
220 1914
221 341
221 490
221 590
221 742
221 1124
221 1160
221 1355
221 1377
221 1461
221 1720
221 1746
222 364
222 1040
222 1073
222 1121
222 1163
222 1210
222 1350
222 1417
222 1746
222 1748
222 1832
223 487
223 510
223 856
223 881
223 956
223 1019
223 1325
223 1539
223 1587
223 1725
223 1880
224 346
224 678
224 701
224 790
224 997
224 1181
224 1429
224 1507
224 1796
225 437
225 669
225 673
225 748
225 749
225 792
225 960
225 982
225 1032
225 1399
225 1493
225 1519
225 1571
225 1920
226 328
226 456
226 483
226 697
226 945
226 1224
226 1246
226 1499
226 1783
226 1785
226 1916
227 358
227 403
227 440
227 480
227 547
227 599
227 642
227 1151
227 1503
227 1738
227 1769
228 567
228 754
228 1183
229 328
229 399
229 408
229 562
229 1025
229 1082
229 1322
229 1383
229 1487
229 1902
230 407
230 503
230 901
230 975
230 1348
230 1390
230 1405
230 1449
230 1534
230 1603
230 1819
230 1902
231 444
231 823
231 1178
231 1294
231 1297
231 1390
231 1897
231 1899
231 1971
232 490
232 504
232 1325
232 1424
232 1723
233 311
233 329
233 837
233 990
233 1010
233 1053
233 1364
233 1601
233 1700
233 1928
234 417
234 644
234 704
234 720
234 996
234 1007
234 1021
234 1474
234 1790
234 1813
234 1919
235 261
235 595
235 1008
235 1120
235 1121
235 1160
235 1327
235 1383
236 279
236 674
236 713
236 1035
236 1041
236 1138
236 1895
237 431
237 708
237 774
237 1094
237 1306
237 1576
237 1624
237 1663
237 1880
238 393
238 564
238 914
238 1064
238 1167
238 1234
238 1485
238 1532
238 1598
238 1634
238 1727
238 1741
238 1910
238 1962
238 1991
239 277
239 280
239 1083
239 1289
239 1421
239 1452
239 1879
239 1959
240 280
240 499
240 1209
240 1298
241 1028
241 1307
241 1743
241 1774
241 1840
241 1957
242 612
242 752
242 825
242 1321
242 1623
242 1731
242 1785
243 249
243 309
243 420
243 638
243 1035
243 1262
243 1470
243 1596
243 1802
243 1836
243 1851
244 307
244 315
244 536
244 890
244 1004
244 1066
244 1116
244 1209
244 1285
244 1323
244 1731
245 350
245 388
245 555
245 670
245 1184
245 1258
245 1387
245 1657
245 1873
246 257
246 804
246 927
246 943
246 1733
246 1890
246 1905
246 1962
247 349
247 491
247 509
247 563
247 612
247 668
247 1131
247 1632
247 1795
248 607
248 789
248 853
248 1172
248 1858
248 1993
249 337
249 600
249 923
249 969
249 1287
249 1321
249 1371
249 1403
249 1411
249 1631
249 1644
249 1722
249 1756
249 1921
249 1958
250 403
250 484
250 486
250 705
250 718
250 1053
250 1178
250 1828
251 606
251 943
251 1107
251 1255
251 1489
251 1514
251 1521
251 1704
251 1743
252 291
252 340
252 457
252 486
252 616
252 878
252 1072
252 1184
252 1200
252 1461
252 1812
252 1851
253 319
253 325
253 516
253 704
253 774
253 904
253 1263
253 1273
253 1749
253 1764
253 1846
253 1877
254 345
254 672
254 708
254 1007
254 1264
254 1863
255 522
255 741
255 1065
255 1067
255 1124
255 1288
255 1356
256 489
256 1022
256 1152
256 1265
256 1370
256 1476
256 1677
256 1747
257 335
257 574
257 717
257 725
257 726
257 969
257 1022
257 1250
257 1403
257 1747
258 262
258 278
258 504
258 730
258 1198
258 1989
259 338
259 393
259 426
259 871
259 986
259 1218
259 1433
259 1618
259 1807
259 1888
260 527
260 540
260 711
260 869
260 1209
260 1251
260 1710
261 552
261 876
261 907
262 326
262 419
262 1127
262 1133
262 1274
262 1280
262 1517
262 1637
262 1972
263 1191
263 1536
263 1620
263 1769
263 1966
264 386
264 591
264 705
264 996
264 1623
264 1758
264 1933
265 306
265 382
265 843
265 897
265 987
265 1032
265 1387
265 1702
265 1717
265 1913
265 1947
265 1974
266 285
266 495
266 613
266 686
266 707
266 845
266 1074
266 1254
266 1285
266 1394
266 1457
266 1517
266 1604
266 1618
266 1804
267 323
267 450
267 521
267 672
267 842
267 1041
267 1049
267 1086
267 1553
267 1890
268 361
268 512
268 570
268 834
268 845
268 1567
268 1797
268 1971
269 626
269 989
269 1034
269 1085
269 1123
269 1148
269 1327
269 1342
269 1423
269 1651
269 1714
269 1735
269 1960
270 542
270 770
270 917
270 1062
270 1324
270 1403
270 1458
270 1888
270 1950
271 427
271 656
271 834
271 917
271 1041
271 1182
271 1834
271 1875
272 390
272 582
272 600
272 624
272 790
272 1305
272 1384
272 1418
272 1419
272 1631
272 1918
272 1956
273 1451
273 1500
273 1627
273 1663
273 1872
274 403
274 575
274 1145
274 1242
274 1415
274 1561
274 1622
274 1698
274 1924
275 276
275 581
275 677
275 900
275 918
275 1248
275 1284
275 1485
275 1492
275 1744
275 1779
276 506
276 589
276 625
276 737
276 795
276 1253
276 1291
276 1579
276 1875
276 1909
277 384
277 906
277 999
277 1014
277 1103
277 1456
277 1510
277 1589
277 1725
277 1928
278 354
278 361
278 374
278 436
278 753
278 1371
278 1499
278 1724
278 1861
278 1891
279 613
279 649
279 754
279 882
279 1192
279 1260
279 1697
279 1902
279 1970
280 852
280 997
280 1597
280 1740
280 1820
281 862
281 1068
281 1847
282 759
282 826
282 831
282 923
282 1255
282 1329
282 1821
282 1871
283 292
283 730
283 862
283 1075
283 1091
283 1274
283 1492
283 1699
283 1964
284 597
284 759
284 959
284 1219
284 1470
284 1630
284 1707
284 1890
285 724
285 783
285 1022
285 1045
285 1069
285 1752
286 644
286 1159
286 1164
286 1218
286 1684
286 1799
286 1867
287 321
287 936
287 1332
287 1594
287 1701
288 585
288 798
288 818
288 872
288 974
288 1170
288 1732
289 448
289 665
289 705
289 790
289 911
289 991
289 1075
289 1723
289 1752
289 1776
289 1912
290 296
290 971
290 1046
290 1248
290 1588
291 316
291 378
291 511
291 777
291 945
291 1254
291 1330
291 1404
291 1415
291 1536
291 1682
292 466
292 468
292 555
292 683
292 783
292 909
292 1153
292 1259
292 1310
292 1394
292 1723
292 1789
293 406
293 487
293 679
293 1047
293 1286
293 1387
293 1494
293 1776
293 1924
294 318
294 444
294 744
294 754
294 1451
294 1464
294 1603
294 1652
294 1750
294 1838
294 1917
295 354
295 505
295 652
295 724
295 1081
295 1269
295 1520
295 1705
295 1842
296 769
296 927
296 1085
296 1135
296 1424
296 1473
296 1579
296 1637
296 1723
296 1886
297 365
297 533
297 921
297 1138
297 1480
297 1535
298 406
298 554
298 574
298 582
298 882
298 931
298 1231
298 1297
298 1388
298 1942
299 306
299 1090
299 1184
299 1231
299 1296
299 1398
299 1592
299 1758
300 343
300 534
300 547
300 601
300 673
300 729
300 873
300 1642
300 1695
300 1804
300 1828
300 1944
301 413
301 439
301 636
301 1365
301 1561
302 823
302 911
302 1287
302 1356
302 1361
302 1461
302 1514
302 1554
302 1956
303 406
303 593
303 627
303 673
303 1070
303 1123
303 1595
303 1871
303 1954
304 725
304 817
304 857
304 1292
304 1346
304 1510
304 1648
304 1672
304 1912
304 1925
305 385
305 427
305 660
305 749
305 858
305 894
305 1030
305 1161
305 1256
305 1325
305 1698
305 1700
305 1965
305 1976
306 325
306 742
306 1149
306 1329
306 1950
307 361
307 762
307 962
307 1583
307 1685
308 318
308 433
308 494
308 1066
308 1297
308 1306
308 1318
308 1347
308 1570
308 1675
308 1768
308 1816
308 1961
309 444
309 620
309 678
309 950
309 1398
309 1430
309 1612
309 1926
310 341
310 466
310 828
310 860
310 880
310 991
310 1234
310 1427
310 1544
310 1883
310 1930
311 418
311 860
311 1150
311 1890
311 1914
311 1971
311 1982
312 317
312 421
312 513
312 679
312 697
312 761
312 1156
312 1478
312 1753
312 1956
313 390
313 691
313 777
313 799
313 1045
313 1071
313 1255
313 1876
314 684
314 769
314 837
314 1258
314 1473
314 1487
314 1703
315 356
315 447
315 452
315 553
315 681
315 1088
315 1145
315 1286
315 1432
315 1671
315 1734
315 1765
315 1998
316 734
316 1287
316 1365
316 1471
316 1605
316 1692
316 1784
316 1829
317 451
317 473
317 582
317 639
317 670
317 707
317 769
317 861
317 863
317 1041
317 1130
317 1186
317 1191
317 1247
317 1308
317 1352
317 1724
317 1886
317 1957
318 644
318 707
318 804
318 1176
318 1450
318 1587
318 1805
318 1988
319 543
319 674
319 793
319 950
319 1473
319 1717
319 1880
319 1904
320 644
320 803
320 892
320 911
320 960
320 1034
320 1352
320 1756
320 1860
320 1894
320 1911
321 362
321 471
321 512
321 681
321 1197
321 1330
321 1453
321 1612
321 1700
321 1801
322 447
322 556
322 1290
322 1326
322 1772
322 1789
322 1853
322 1911
323 457
323 1058
323 1373
323 1411
323 1552
323 1847
324 434
324 630
324 692
324 893
324 1021
324 1402
324 1488
324 1597
324 1949
325 580
325 615
325 890
325 914
325 1166
325 1214
325 1565
325 1683
325 1969
326 345
326 738
326 757
326 1107
326 1483
326 1495
326 1649
326 1731
326 1748
326 1793
326 1796
327 417
327 840
327 934
327 1219
327 1483
327 1680
327 1930
328 518
328 1403
328 1414
328 1513
328 1566
328 1764
328 1914
329 502
329 533
329 936
329 955
329 1333
329 1381
329 1810
329 1812
329 1933
330 336
330 1603
330 1664
330 1686
330 1863
330 1996
331 370
331 534
331 588
331 816
331 881
331 910
331 1432
331 1573
331 1595
331 1984
332 376
332 773
332 938
332 1195
332 1486
332 1520
332 1896
333 428
333 511
333 708
333 902
333 1213
333 1262
333 1319
333 1792
334 573
334 595
334 1104
334 1154
335 1179
335 1578
335 1653
335 1742
336 495
336 500
336 614
336 698
336 775
336 1010
336 1246
336 1567
337 598
337 944
337 1095
338 680
338 798
338 905
338 1165
338 1452
338 1689
338 1930
339 685
339 703
339 991
339 1100
339 1193
339 1226
339 1235
339 1482
339 1815
340 918
340 932
340 1308
340 1501
341 453
341 476
341 586
341 699
341 978
341 1541
341 1589
341 1640
342 923
342 994
342 1305
342 1561
343 633
343 671
343 824
343 901
343 949
343 1452
343 1702
344 540
344 1077
344 1572
344 1607
344 1726
344 1797
344 1824
344 1976
344 1990
345 571
345 734
345 757
345 817
345 895
345 974
345 975
345 1018
345 1123
345 1427
346 528
346 550
346 575
346 1027
346 1400
346 1426
346 1838
347 469
347 765
347 786
347 862
347 882
347 1070
347 1071
347 1085
347 1336
347 1413
348 564
348 852
348 1005
348 1095
348 1138
348 1393
348 1846
349 363
349 504
349 597
349 850
349 1241
349 1430
350 484
350 662
350 987
350 1422
351 722
351 744
351 1449
351 1879
351 1943
351 1981
352 422
352 483
352 600
352 801
352 1181
352 1670
352 1849
353 725
353 872
353 1165
353 1400
353 1546
353 1672
353 1739
353 1779
354 490
354 639
354 808
354 1186
354 1300
354 1361
354 1590
354 1698
354 1727
355 415
355 587
355 623
355 1533
355 1540
355 1985
356 961
356 1415
357 378
357 542
357 553
357 793
357 956
357 1679
357 1718
357 1891
358 396
358 553
358 743
358 828
358 857
358 961
358 1304
358 1832
358 1914
358 1963
359 477
359 675
359 783
359 1111
359 1127
359 1676
359 1691
359 1785
360 386
360 882
360 957
360 1396
361 459
361 593
361 679
361 901
361 992
361 1990
362 1173
362 1201
362 1254
362 1278
362 1302
362 1809
363 713
363 789
363 937
363 1082
363 1268
363 1393
363 1501
363 1800
363 1855
363 1974
364 478
364 520
364 522
364 792
364 793
364 1192
364 1491
364 1540
364 1585
364 1776
364 1856
364 1953
364 1999
365 515
365 638
365 1253
365 1323
365 1424
365 1969
366 387
366 723
366 725
366 807
366 1060
366 1193
366 1314
367 890
367 946
367 1051
367 1304
367 1697
367 1914
368 526
368 689
368 1062
368 1354
368 1777
369 386
369 492
369 670
369 1033
369 1080
369 1399
369 1484
369 1553
369 1847
369 1967
369 1987
370 624
370 641
370 881
370 1248
370 1933
370 1984
371 623
371 654
371 705
371 868
371 1315
371 1594
371 1625
371 1962
372 568
372 628
372 668
372 1304
372 1360
372 1513
373 780
373 849
373 1609
373 1826
374 394
374 464
374 496
374 596
374 1063
374 1241
374 1671
374 1817
375 491
375 640
375 1093
375 1262
375 1324
375 1416
375 1462
375 1684
376 742
376 1044
376 1119
376 1185
376 1497
376 1527
376 1569
376 1761
376 1801
377 500
377 804
377 890
377 1204
377 1207
377 1208
377 1874
378 435
378 501
378 1021
378 1275
378 1597
378 1741
379 486
379 504
379 790
379 810
379 1120
379 1569
379 1626
379 1804
379 1816
379 1973
380 592
380 1217
380 1265
380 1353
380 1499
380 1833
380 1874
381 802
381 1250
381 1309
381 1524
381 1606
381 1966
382 647
382 790
382 954
382 1179
382 1230
382 1260
382 1343
382 1693
382 1730
382 1903
383 1180
383 1208
383 1786
383 1858
383 1878
384 920
384 1412
384 1444
384 1740
385 407
385 1612
385 1773
386 451
386 686
386 799
386 939
386 1095
386 1386
386 1415
386 1417
386 1946
386 1992
387 402
387 511
387 782
387 1226
387 1733
387 1801
387 1910
388 853
388 863
388 943
388 1029
388 1033
388 1086
388 1708
388 1726
388 1856
388 1898
389 532
389 750
389 752
389 993
389 1028
389 1937
389 1998
390 405
390 539
390 822
390 867
390 963
390 1225
390 1305
390 1910
391 455
391 777
391 914
391 1208
391 1605
391 1771
391 1850
391 1876
391 1991
392 805
392 1612
393 802
393 803
393 1248
393 1869
393 1872
393 1900
394 653
394 814
394 921
394 978
394 1043
394 1121
394 1263
394 1417
394 1631
394 1638
394 1738
394 1920
395 423
395 541
395 613
395 1535
395 1563
395 1574
395 1912
395 1984
395 1990
396 464
396 698
396 727
396 811
396 814
396 847
396 1274
396 1969
397 438
397 762
397 959
397 1593
397 1715
397 1896
398 518
398 730
398 834
398 1240
398 1306
398 1334
398 1406
398 1445
398 1587
398 1634
399 611
399 650
399 1137
399 1543
399 1718
399 1772
399 1829
400 513
400 798
400 968
400 1014
400 1077
400 1113
400 1445
401 1129
401 1200
401 1423
401 1689
401 1928
402 463
402 1045
402 1144
402 1188
402 1877
403 433
403 545
403 823
403 1119
403 1162
403 1199
403 1214
403 1479
403 1523
403 1824
403 1848
403 1904
403 1995
404 649
404 669
404 736
404 924
404 1028
405 613
405 829
405 1426
405 1439
405 1837
406 458
406 487
406 527
406 531
406 647
406 842
406 919
406 1015
406 1481
406 1865
406 1902
407 805
407 1490
407 1972
408 722
408 1147
408 1223
408 1375
408 1460
409 418
409 468
409 496
409 521
409 1019
409 1076
409 1077
409 1349
409 1628
409 1668
409 1746
409 1858
409 1909
410 479
410 713
410 1143
410 1221
410 1798
410 1845
411 467
411 489
411 854
411 1243
411 1487
412 551
412 903
412 1166
412 1262
412 1303
412 1793
413 450
413 538
413 833
413 880
413 1355
413 1373
413 1536
413 1807
414 416
414 555
414 866
414 1164
414 1301
414 1660
415 641
415 782
415 845
415 1081
415 1241
415 1417
415 1565
415 1571
415 1763
415 1871
416 811
416 898
416 995
416 1381
417 450
417 695
417 1169
417 1237
417 1513
417 1622
418 989
418 1468
419 498
419 546
419 678
419 845
419 861
419 1011
419 1020
419 1308
419 1606
420 487
420 881
420 913
420 944
420 984
420 1478
420 1525
420 1687
420 1830
420 1833
421 744
421 962
421 991
421 1070
421 1775
421 1894
422 439
422 520
422 606
422 677
422 893
422 995
422 1007
422 1029
422 1072
422 1151
422 1632
422 1765
423 814
423 861
423 986
423 1245
423 1584
423 1637
424 543
424 589
424 704
424 1006
424 1059
424 1108
424 1283
424 1393
424 1530
424 1720
425 562
425 946
425 1088
425 1839
426 496
426 1045
426 1048
426 1180
426 1390
426 1440
426 1487
426 1491
426 1686
426 1934
427 767
427 806
427 1099
427 1104
427 1117
427 1257
427 1537
427 1624
427 1835
427 1876
427 1914
427 1920
428 450
428 811
428 878
428 959
428 1728
428 1791
428 1893
429 679
429 846
429 887
429 1002
429 1034
429 1211
429 1746
429 1976
430 516
430 540
430 896
430 1197
430 1353
430 1491
430 1656
431 626
431 1059
431 1319
431 1558
431 1582
432 500
432 576
432 804
432 1554
432 1570
433 581
433 605
433 618
433 637
433 684
433 750
433 883
433 959
433 970
433 1109
433 1235
433 1446
433 1511
433 1562
433 1798
433 1816
433 1907
433 1936
434 569
434 580
434 917
434 1136
434 1229
434 1453
434 1466
434 1585
435 899
435 966
435 1118
435 1281
435 1351
435 1759
435 1761
436 598
436 618
436 738
436 1474
436 1873
436 1990
437 577
437 787
437 868
437 1299
437 1550
437 1559
437 1562
437 1595
437 1670
437 1698
437 1764
437 1798
438 815
438 962
438 993
438 1051
438 1224
438 1257
438 1332
438 1393
438 1413
438 1604
438 1660
438 1768
438 1837
439 478
439 522
439 781
439 866
439 1047
439 1079
439 1543
439 1582
440 584
440 971
440 1008
440 1079
440 1253
440 1563
440 1701
441 565
441 596
441 598
441 664
441 841
441 860
441 1121
441 1401
441 1609
441 1622
441 1661
441 1677
441 1775
441 1867
441 1918
442 511
442 586
442 853
442 876
442 925
442 1046
442 1238
442 1891
442 1993
443 451
443 476
443 644
443 827
443 874
443 1180
443 1196
443 1374
443 1931
444 536
444 627
444 967
444 1255
444 1257
444 1306
444 1321
444 1433
444 1458
445 546
445 1357
445 1527
445 1777
446 768
446 892
446 953
446 1112
446 1210
446 1413
446 1424
446 1553
446 1570
446 1863
446 1892
447 451
447 890
447 964
447 1126
447 1178
447 1322
447 1326
447 1487
447 1661
447 1792
448 564
448 870
448 989
448 1184
448 1207
449 592
449 739
449 828
449 832
449 871
449 1041
449 1545
449 1678
450 568
450 1595
450 1880
451 731
451 1049
451 1106
451 1109
452 572
452 714
452 841
452 1438
452 1521
453 626
453 815
453 922
453 1391
453 1663
453 1664
453 1899
454 913
454 1094
454 1368
454 1566
454 1571
455 780
455 872
455 1050
455 1499
455 1637
455 1640
456 459
456 525
456 724
456 827
456 1102
456 1381
456 1826
456 1972
457 537
457 919
457 969
457 1808
457 1913
458 964
458 1211
458 1437
458 1483
458 1571
458 1873
458 1935
458 1955
459 686
459 761
459 1253
460 633
460 811
460 831
460 961
460 1023
460 1575
460 1922
461 487
461 959
461 980
461 1333
461 1770
461 1809
462 503
462 744
462 881
462 1094
462 1117
462 1738
463 580
463 744
463 1272
463 1375
463 1384
464 694
464 724
464 749
464 1247
464 1349
464 1363
464 1762
464 1864
465 475
465 709
465 790
465 1587
465 1764
466 942
466 1120
466 1360
467 544
467 604
467 700
467 773
467 814
467 988
467 1127
467 1216
467 1297
467 1374
467 1402
467 1519
467 1543
467 1651
468 663
468 684
468 1228
468 1311
468 1556
468 1562
468 1673
468 1861
469 690
469 971
469 1117
469 1449
469 1602
469 1612
469 1635
470 528
470 560
470 793
470 871
470 919
470 1074
470 1526
470 1554
470 1635
471 564
471 605
471 1050
471 1095
471 1203
471 1293
471 1391
471 1403
471 1416
471 1636
471 1835
471 1941
472 539
472 986
472 1339
472 1512
472 1700
472 1746
472 1773
472 1810
473 944
473 1256
473 1596
473 1676
473 1997
474 555
474 599
474 701
474 733
474 817
474 1072
474 1073
474 1713
474 1817
474 1864
475 950
475 1016
475 1140
475 1879
476 537
476 815
476 1180
476 1410
477 674
477 707
477 1137
477 1182
477 1366
477 1429
477 1442
477 1799
477 1850
478 729
478 1216
478 1404
478 1515
478 1703
478 1854
479 744
479 1272
479 1653
479 1822
479 1936
480 604
480 775
480 1076
480 1575
480 1626
481 507
481 976
481 1106
481 1236
481 1278
481 1871
482 515
482 805
482 968
482 1000
482 1483
482 1545
482 1917
483 530
483 587
483 843
483 1543
484 565
484 895
484 993
484 1053
484 1284
484 1420
484 1691
484 1719
484 1794
485 720
485 1078
485 1331
485 1781
485 1812
485 1929
486 593
486 779
486 900
486 1018
486 1371
486 1608
486 1714
487 542
487 949
487 1226
487 1358
487 1466
487 1708
487 1733
488 540
488 570
488 694
488 764
488 831
488 946
488 958
488 1047
488 1064
488 1068
488 1175
488 1639
488 1685
489 985
489 1021
489 1054
489 1491
489 1548
489 1972
490 804
490 923
490 970
490 1004
490 1840
490 1981
491 492
491 1270
491 1511
491 1644
491 1806
492 549
492 783
492 794
492 795
492 981
492 1283
492 1300
492 1326
492 1362
492 1575
492 1614
492 1690
492 1768
492 1881
493 513
493 544
493 990
493 1479
493 1651
493 1739
493 1774
493 1813
493 1837
494 898
494 1004
494 1053
494 1331
494 1441
494 1744
494 1909
495 540
495 625
495 701
495 1144
495 1241
495 1420
495 1493
495 1731
496 649
496 1580
496 1723
497 567
497 660
497 863
497 923
497 953
497 1130
497 1292
497 1314
497 1317
497 1605
497 1770
497 1791
498 1136
498 1207
498 1481
498 1557
498 1866
499 804
499 937
499 1584
499 1728
499 1776
499 1881
500 575
500 1110
500 1766
500 1841
500 1855
500 1960
501 661
501 757
501 1765
501 1999
502 537
502 558
502 649
502 1165
502 1434
502 1466
502 1833
503 613
503 1378
503 1456
503 1824
503 1964
504 787
504 1003
504 1172
504 1246
504 1340
504 1643
504 1805
505 644
505 662
505 1194
505 1324
505 1828
505 1981
506 832
506 955
506 1022
506 1112
506 1156
506 1170
506 1287
506 1298
506 1350
506 1635
507 619
507 778
507 890
507 1080
507 1176
507 1261
507 1556
507 1741
507 1928
508 514
508 744
508 1350
508 1477
508 1579
508 1648
508 1708
509 1020
509 1081
509 1353
509 1618
509 1677
509 1884
509 1943
510 1209
510 1254
510 1404
510 1600
510 1673
510 1716
510 1738
510 1817
511 534
511 638
511 785
511 1094
511 1518
511 1805
511 1874
512 529
512 949
512 1544
512 1909
512 1946
512 1976
513 758
513 857
513 910
513 935
513 1431
513 1457
513 1458
513 1471
513 1776
513 1792
513 1937
513 1966
514 540
514 625
514 629
514 644
514 772
514 927
514 1144
514 1345
514 1444
514 1700
515 725
515 837
515 839
515 1013
515 1091
515 1295
515 1629
515 1801
515 1832
515 1882
515 1918
515 1973
516 1214
516 1885
516 1906
516 1948
516 1999
517 606
517 788
517 960
517 962
517 1077
517 1117
517 1636
517 1753
518 755
518 940
518 961
518 999
518 1122
518 1209
518 1292
518 1432
519 768
519 777
519 801
519 857
519 1021
519 1466
519 1556
519 1628
519 1710
519 1921
519 1923
520 579
520 880
520 886
520 985
520 1334
520 1873
520 1976
521 558
521 664
521 675
521 745
521 972
521 1199
521 1941
522 656
522 691
522 699
522 832
522 842
522 872
522 1033
522 1038
522 1120
522 1268
522 1376
522 1398
522 1552
522 1600
522 1722
522 1856
522 1880
522 1935
522 1994
523 551
523 565
523 746
523 907
523 1379
523 1575
523 1877
523 1983
524 887
524 1214
524 1218
524 1238
524 1354
524 1436
524 1533
524 1539
524 1771
524 1788
525 668
525 932
525 1156
525 1164
525 1169
525 1407
525 1687
525 1707
525 1727
526 948
526 1347
526 1349
526 1571
527 677
527 952
527 1043
527 1064
527 1152
527 1386
527 1498
527 1718
527 1912
528 619
528 668
528 862
528 883
528 1140
528 1167
528 1172
528 1225
528 1253
528 1411
529 679
529 701
529 726
529 1220
529 1984
530 538
530 571
530 674
530 921
530 1229
530 1757
530 1783
530 1818
530 1838
530 1906
531 620
531 631
531 652
531 743
531 915
531 923
531 1629
531 1667
531 1821
531 1849
532 616
532 1046
532 1192
532 1226
532 1238
532 1917
533 719
533 755
533 948
533 957
533 1942
534 648
534 688
534 698
534 822
534 1362
534 1626
534 1676
534 1974
535 571
535 1314
535 1360
535 1486
535 1526
535 1683
535 1812
535 1814
536 804
536 850
536 965
536 1333
536 1558
536 1764
536 1801
537 965
537 1490
537 1769
538 645
538 654
538 656
538 714
538 754
538 799
538 1263
538 1351
538 1599
538 1708
538 1751
538 1811
539 768
539 1290
539 1566
539 1632
539 1772
539 1788
539 1883
540 732
540 783
540 998
540 1039
540 1337
540 1581
541 559
541 1182
541 1286
541 1382
541 1744
541 1787
541 1876
541 1957
542 677
542 720
542 1147
542 1201
542 1290
542 1540
542 1662
543 577
543 907
543 1229
543 1596
543 1717
544 615
544 690
544 722
544 904
544 1051
544 1102
544 1221
544 1550
544 1917
545 655
545 690
545 759
545 872
545 1131
545 1145
545 1148
545 1386
545 1676
545 1733
545 1772
545 1881
545 1914
546 555
546 643
546 1144
546 1210
546 1407
546 1797
547 596
547 754
547 892
547 979
547 1127
547 1628
547 1676
547 1687
547 1935
547 1981
548 841
548 890
548 1300
548 1466
549 781
549 791
549 1260
549 1342
549 1348
549 1861
550 971
550 1244
550 1457
550 1469
550 1822
550 1996
550 1997
551 881
551 1028
551 1964
552 1027
552 1154
553 573
553 759
553 788
553 1048
553 1103
553 1169
553 1252
553 1424
553 1955
554 676
554 892
554 894
554 1001
554 1264
554 1988
555 748
555 918
555 1142
555 1459
556 569
556 590
556 650
556 753
556 942
556 1432
556 1515
556 1516
556 1767
557 944
557 1232
557 1289
557 1598
557 1887
557 1895
558 618
558 1166
558 1306
558 1666
558 1686
558 1924
559 870
559 895
559 944
559 1108
559 1520
559 1523
559 1721
559 1776
559 1809
560 790
560 1016
560 1125
560 1243
560 1253
560 1411
560 1569
560 1593
560 1924
560 1998
561 821
561 1488
561 1658
561 1707
561 1923
562 670
562 759
562 808
562 920
562 1008
562 1090
562 1223
562 1354
562 1738
562 1854
563 833
563 1130
563 1272
563 1281
563 1857
564 839
564 959
564 981
564 1110
564 1244
564 1388
564 1587
564 1981
565 927
565 1103
565 1109
565 1600
565 1601
565 1724
565 1923
566 671
566 1007
566 1023
566 1237
566 1380
566 1556
566 1571
566 1720
566 1769
566 1848
566 1939
567 581
567 1003
567 1365
567 1421
567 1804
567 1962
568 577
568 797
568 1128
568 1187
568 1229
568 1246
568 1258
568 1375
568 1459
568 1598
568 1647
568 1813
568 1930
569 680
569 975
569 1107
569 1197
569 1423
569 1993
570 837
570 1408
570 1855
571 721
571 931
571 958
571 1268
571 1374
571 1402
571 1650
571 1929
571 1947
572 652
572 821
572 1216
572 1238
572 1323
572 1439
572 1810
572 1973
573 1671
573 1870
574 707
574 915
574 1953
575 640
575 667
575 1000
575 1074
575 1165
575 1339
575 1421
575 1458
575 1818
576 656
576 694
576 1527
576 1920
577 1076
577 1778
578 653
578 740
578 751
578 827
578 828
578 910
578 1308
578 1520
578 1780
578 1830
578 1866
578 1984
579 604
579 981
579 1052
579 1353
579 1510
579 1536
579 1571
579 1572
579 1673
579 1837
579 1923
580 653
580 794
580 1157
580 1323
580 1586
580 1666
580 1780
580 1867
581 671
581 739
581 768
581 791
581 965
581 1220
581 1309
581 1729
582 679
582 714
582 773
582 887
582 1021
582 1106
582 1165
582 1174
582 1293
582 1377
582 1500
582 1652
582 1746
582 1788
583 710
583 1341
583 1371
583 1659
583 1728
583 1761
583 1799
584 804
584 843
584 1199
584 1424
584 1719
584 1735
585 744
585 963
585 1135
585 1141
585 1164
585 1202
585 1461
585 1635
586 651
586 729
586 1120
586 1654
586 1877
587 787
587 909
587 1048
587 1616
587 1705
587 1742
587 1783
587 1950
588 732
588 830
588 1105
588 1659
588 1695
588 1750
588 1875
589 878
589 939
589 974
589 1288
589 1470
589 1477
589 1496
589 1558
589 1828
589 1978
590 747
590 949
590 991
590 1125
590 1265
590 1438
591 604
591 697
591 931
591 1305
591 1330
591 1804
591 1945
592 836
592 1158
592 1535
593 1082
593 1701
593 1937
594 652
594 914
594 1032
594 1108
594 1199
594 1211
594 1242
594 1618
594 1702
595 742
595 748
595 941
595 992
595 1023
595 1064
595 1289
595 1353
595 1795
595 1812
596 636
596 821
596 847
596 1040
596 1156
596 1348
596 1486
596 1955
596 1969
597 618
597 985
597 1204
597 1328
597 1436
597 1545
597 1697
597 1766
597 1966
598 601
598 629
598 696
598 1098
598 1256
598 1414
598 1586
599 684
599 691
599 1090
599 1239
599 1580
599 1800
599 1871
599 1966
600 645
600 867
600 1158
600 1237
600 1364
600 1609
600 1797
600 1895
601 666
601 701
601 848
601 1025
601 1038
601 1156
601 1531
601 1779
601 1894
602 700
602 806
602 1044
602 1156
602 1221
602 1307
602 1964
603 660
603 672
603 710
603 810
603 974
603 1120
603 1188
603 1415
603 1567
603 1938
604 630
604 785
604 828
604 873
604 1056
604 1204
604 1281
604 1303
604 1653
604 1809
605 787
605 1077
605 1485
605 1779
606 614
606 767
606 946
606 1034
606 1359
606 1674
606 1942
607 1011
607 1037
607 1112
607 1157
607 1876
608 616
608 924
608 1010
608 1176
608 1238
608 1286
608 1290
608 1329
608 1479
608 1572
608 1594
608 1635
609 888
609 906
609 1082
609 1172
609 1422
609 1590
609 1786
609 1975
609 1989
610 672
610 742
610 890
610 959
610 1026
610 1129
610 1494
610 1566
610 1792
610 1809
610 1904
611 693
611 715
611 814
611 825
611 1397
611 1576
611 1748
611 1892
612 781
612 888
612 1557
612 1627
612 1691
612 1991
613 894
613 1113
613 1172
613 1294
613 1342
613 1430
613 1803
613 1973
614 1862
615 715
615 738
615 849
615 914
615 1046
615 1383
615 1587
615 1592
615 1812
616 673
616 742
616 972
616 994
616 1023
616 1403
616 1501
616 1572
616 1963
617 846
617 1232
617 1354
617 1653
617 1788
617 1833
617 1840
618 639
618 678
618 787
618 958
618 1196
618 1396
618 1526
618 1819
618 1965
619 947
619 1285
619 1675
619 1840
620 808
620 852
620 889
620 913
620 1142
620 1498
620 1960
621 1196
621 1447
621 1733
621 1831
622 752
622 998
622 1086
622 1539
622 1632
623 990
623 1077
623 1359
623 1463
624 1094
624 1124
624 1535
624 1624
624 1656
624 1789
624 1931
624 1953
624 1957
625 723
625 1015
625 1158
625 1457
625 1686
625 1842
626 793
626 936
626 937
626 970
626 1086
626 1152
626 1200
626 1215
626 1462
626 1485
626 1703
626 1802
626 1959
627 1123
627 1187
627 1504
627 1637
627 1801
627 1913
627 1977
628 653
628 942
628 1168
629 779
629 976
629 1001
629 1698
630 662
630 679
630 981
630 1043
630 1074
630 1287
630 1315
630 1349
630 1363
630 1425
631 968
631 981
631 1057
631 1137
631 1219
631 1354
631 1702
631 1946
632 698
632 799
632 1703
633 658
633 1151
633 1629
634 934
634 943
634 978
634 1330
634 1397
634 1569
634 1664
634 1977
635 707
635 925
635 1033
635 1281
635 1408
635 1574
635 1627
635 1726
635 1785
635 1861
635 1867
636 679
636 983
636 1103
636 1132
636 1704
637 951
637 1650
637 1693
637 1708
638 874
638 968
638 1039
638 1046
638 1291
638 1453
638 1517
638 1998
639 926
639 1074
639 1078
639 1172
639 1365
640 709
640 839
640 929
640 1054
640 1134
640 1260
640 1560
640 1770
640 1903
640 1910
640 1929
641 799
641 829
641 836
641 883
641 1244
641 1290
641 1465
641 1472
641 1674
641 1709
641 1711
641 1806
642 919
642 1176
642 1586
642 1858
643 693
643 988
643 1012
643 1096
643 1126
643 1392
643 1790
643 1977
644 782
644 989
644 1087
644 1247
644 1577
644 1989
645 721
645 752
645 789
645 806
645 1144
645 1292
645 1387
645 1475
645 1494
645 1688
645 1700
646 690
646 797
646 800
646 865
647 756
647 1262
647 1268
647 1345
647 1834
648 683
648 692
648 1140
648 1498
648 1553
648 1791
649 1059
649 1130
649 1264
649 1409
649 1777
649 1865
650 749
650 1517
650 1551
650 1640
650 1645
650 1896
651 696
651 759
651 808
651 1269
651 1332
651 1718
652 760
652 1632
652 1715
652 1879
653 801
653 898
653 1089
653 1104
653 1345
653 1369
653 1601
654 720
654 799
654 1125
654 1184
654 1979
655 923
655 934
655 1181
655 1222
655 1586
655 1684
655 1782
655 1890
656 818
656 949
656 1082
656 1395
656 1425
656 1617
656 1772
657 694
657 718
657 855
657 1002
657 1458
657 1560
657 1668
657 1908
657 1989
658 707
658 959
658 987
658 1047
658 1181
658 1472
658 1665
658 1713
658 1955
659 710
659 757
659 777
659 803
659 1042
659 1162
659 1179
659 1658
659 1997
660 1040
660 1164
660 1369
660 1684
661 923
661 990
661 1230
662 703
662 707
662 922
662 1197
662 1456
662 1871
663 741
663 1150
663 1182
663 1507
663 1524
663 1632
663 1853
663 1944
664 944
664 1080
664 1332
664 1454
664 1535
664 1702
664 1711
664 1907
664 1923
664 1987
665 1165
665 1428
665 1528
666 1051
666 1128
666 1148
666 1279
666 1418
666 1494
666 1869
666 1924
666 1933
667 691
667 1218
667 1618
667 1702
667 1858
667 1988
668 760
668 871
668 1088
668 1794
669 740
669 945
669 1911
669 1985
670 1224
670 1627
671 893
671 1577
671 1904
672 866
672 1094
672 1591
672 1887
673 776
673 866
673 872
673 1195
673 1204
673 1408
674 796
674 1138
674 1210
674 1230
674 1279
674 1362
674 1460
674 1822
675 686
675 1182
675 1367
675 1456
675 1693
675 1904
676 1203
676 1515
676 1534
676 1643
676 1899
676 1965
677 927
677 961
677 1102
677 1177
677 1317
677 1615
677 1917
677 1936
678 1121
678 1320
678 1333
678 1358
678 1451
678 1629
679 1055
679 1334
679 1408
679 1447
679 1448
679 1667
679 1741
679 1788
680 749
680 825
680 853
680 940
680 1505
680 1506
680 1947
681 729
681 783
681 824
681 867
681 883
681 1671
681 1738
681 1853
682 745
682 971
682 1163
682 1234
682 1787
682 1895
682 1975
683 848
683 1085
683 1119
683 1155
683 1281
683 1847
683 1945
684 722
684 791
684 840
684 1452
684 1479
684 1486
685 763
685 910
685 1011
685 1239
685 1560
685 1629
686 815
686 917
686 977
686 1118
686 1165
686 1432
686 1661
686 1851
686 1988
687 795
687 1006
687 1076
687 1355
687 1546
688 809
688 838
688 1199
688 1364
688 1399
688 1702
688 1806
689 1181
689 1328
689 1606
689 1688
689 1865
690 773
690 954
690 1412
690 1490
690 1682
690 1720
690 1808
691 962
691 1050
691 1065
691 1133
691 1169
691 1204
691 1236
691 1583
691 1654
691 1874
691 1897
691 1908
691 1916
692 1075
692 1107
692 1249
692 1402
692 1503
692 1828
693 765
693 1031
693 1263
693 1278
693 1361
693 1408
693 1462
693 1514
694 1127
694 1342
694 1415
694 1515
694 1733
694 1950
695 799
695 1040
695 1135
695 1159
695 1371
695 1448
695 1638
695 1806
695 1885
695 1932
696 809
696 1738
696 1845
696 1873
697 783
697 836
697 1441
697 1474
697 1672
697 1976
698 916
698 1110
698 1155
698 1211
698 1264
698 1562
699 799
699 826
699 1030
699 1242
699 1516
699 1571
699 1575
699 1580
699 1966
700 793
700 916
700 1121
700 1577
700 1928
700 1986
700 1990
701 811
701 1258
701 1310
701 1595
701 1704
702 774
702 1057
702 1092
702 1125
702 1301
702 1842
703 972
703 1343
703 1404
703 1578
703 1590
703 1894
704 760
704 926
704 988
704 1290
704 1377
704 1823
705 759
705 779
705 803
705 854
705 921
705 996
705 1078
705 1168
705 1291
705 1467
705 1717
705 1870
706 1059
706 1473
706 1482
706 1547
706 1576
706 1842
706 1952
707 717
707 800
707 879
707 925
707 967
707 1028
707 1181
707 1197
707 1475
707 1641
707 1672
707 1789
708 855
708 971
708 997
708 1007
708 1059
708 1065
708 1303
708 1311
708 1428
709 880
709 1178
709 1564
709 1717
710 947
710 1254
710 1604
710 1639
710 1998
711 1001
711 1655
711 1817
711 1875
712 936
712 1404
712 1502
712 1859
713 873
713 1200
713 1442
713 1591
713 1715
714 1605
714 1731
714 1742
715 1038
715 1097
715 1219
715 1305
715 1522
716 977
716 1023
716 1234
716 1409
716 1848
716 1917
717 926
717 1033
717 1123
717 1146
717 1219
717 1542
717 1553
717 1638
717 1935
718 909
718 970
718 1083
718 1196
718 1305
718 1488
718 1648
719 840
719 972
719 1333
719 1525
719 1703
719 1782
720 768
720 999
720 1141
720 1433
720 1803
720 1865
721 1064
721 1354
721 1625
722 1589
722 1873
723 725
723 1480
723 1641
723 1786
724 824
724 972
724 1021
724 1098
724 1326
724 1426
724 1833
725 816
725 1122
725 1636
725 1732
725 1822
726 874
726 947
726 1647
726 1922
727 734
727 809
727 905
727 946
727 1176
727 1562
728 984
728 1005
728 1036
728 1157
728 1395
728 1573
728 1847
729 917
729 1080
729 1269
729 1571
729 1642
729 1967
730 804
730 844
730 1084
730 1334
730 1801
730 1892
731 1021
731 1075
731 1168
731 1618
731 1715
731 1997
732 867
732 908
732 1981
733 993
733 997
733 1107
733 1175
733 1322
733 1469
733 1865
734 801
734 849
734 1106
734 1552
734 1572
734 1804
734 1942
735 1050
735 1080
735 1463
735 1890
736 798
736 848
736 873
736 985
736 1103
736 1145
736 1276
736 1591
736 1966
737 792
737 1851
737 1997
738 804
738 1219
738 1342
738 1473
738 1522
738 1837
738 1950
739 831
739 1530
739 1992
740 1049
740 1401
740 1927
741 812
741 824
741 861
741 1042
741 1139
741 1358
741 1523
742 1431
742 1806
742 1946
743 1414
743 1588
743 1741
743 1780
744 1014
744 1184
744 1193
744 1274
744 1508
744 1522
744 1621
744 1636
744 1655
744 1738
744 1802
745 819
745 1603
745 1878
745 1958
746 759
746 886
746 1384
746 1777
746 1867
746 1880
746 1917
747 842
747 1279
747 1695
748 833
748 1629
748 1789
748 1872
748 1952
748 1970
748 1986
749 896
749 1001
749 1360
749 1591
750 779
750 1055
750 1382
750 1982
751 1066
751 1109
751 1290
751 1778
752 1081
752 1124
752 1791
752 1896
753 786
753 952
753 993
753 1304
753 1306
753 1497
754 999
754 1013
754 1458
754 1656
755 1866
756 933
756 1079
756 1149
756 1276
756 1290
756 1293
756 1684
757 1050
757 1256
757 1382
757 1862
758 777
758 872
758 891
758 1059
758 1090
758 1130
758 1199
758 1220
758 1707
759 1262
759 1521
759 1634
759 1686
760 899
760 1147
760 1546
760 1551
761 904
761 974
761 981
761 1529
761 1599
761 1607
761 1660
761 1672
761 1697
761 1953
762 881
762 998
762 1112
762 1136
762 1373
762 1381
762 1568
762 1619
762 1928
762 1934
762 1935
763 892
763 1454
763 1692
763 1771
763 1789
764 1025
764 1427
764 1540
764 1669
765 964
765 1571
765 1612
765 1946
766 800
766 885
766 909
766 953
766 1360
766 1474
766 1580
766 1931
767 874
767 942
767 992
767 1140
767 1199
767 1257
767 1433
767 1470
767 1494
767 1680
768 982
768 1080
768 1097
768 1216
768 1297
768 1365
768 1492
768 1568
768 1701
768 1822
769 903
769 1357
769 1384
769 1416
769 1999
770 847
770 938
770 1386
770 1512
770 1559
770 1941
771 875
771 882
771 1055
771 1675
772 974
772 1012
772 1206
772 1486
772 1604
772 1656
772 1715
772 1772
772 1931
772 1975
773 1540
773 1573
773 1859
773 1924
774 1076
774 1191
774 1572
774 1751
774 1770
774 1901
775 854
775 1169
775 1752
775 1905
775 1970
776 830
776 855
776 938
776 1157
776 1352
776 1816
776 1898
776 1920
777 1097
777 1253
777 1341
777 1575
777 1731
777 1957
778 1106
778 1407
778 1423
778 1695
779 1165
779 1240
779 1504
779 1612
779 1766
779 1873
780 828
780 1015
780 1100
781 1214
781 1664
781 1872
782 936
782 1001
782 1281
782 1323
782 1486
782 1610
782 1678
782 1880
783 1000
784 938
784 1135
784 1155
785 900
785 1072
785 1219
785 1311
785 1615
785 1631
785 1647
785 1765
785 1884
786 859
786 1148
786 1670
786 1891
786 1904
787 844
787 879
787 1055
787 1056
787 1064
787 1529
787 1706
788 1262
788 1397
788 1400
788 1507
788 1899
789 860
789 1511
789 1570
789 1576
789 1996
790 796
790 996
790 1037
790 1435
790 1582
790 1756
790 1829
790 1850
790 1896
791 923
791 949
791 1141
791 1209
791 1714
791 1829
791 1838
791 1896
792 926
792 976
792 1012
792 1016
792 1055
792 1787
792 1907
793 892
793 1392
794 1046
794 1093
794 1112
794 1510
794 1837
794 1853
794 1866
795 1230
795 1732
795 1873
795 1932
795 1987
796 916
796 934
796 1211
796 1340
796 1385
796 1578
796 1687
796 1842
797 941
797 1208
797 1220
797 1597
797 1671
797 1884
797 1894
798 1010
798 1109
798 1532
798 1914
799 862
799 965
799 1021
799 1289
799 1293
799 1457
800 1043
800 1289
800 1923
800 1929
801 1641
801 1711
801 1931
801 1934
801 1947
802 1053
802 1496
802 1678
802 1797
802 1884
803 842
803 877
803 921
803 1174
803 1387
803 1587
803 1588
804 1571
804 1737
804 1811
804 1934
804 1985
805 813
805 942
805 945
805 972
805 1287
805 1480
805 1495
805 1732
805 1904
805 1959
805 1976
806 923
806 1053
806 1099
806 1155
806 1225
806 1427
806 1984
807 938
807 1328
807 1387
807 1505
807 1803
807 1829
807 1990
808 881
808 1388
808 1547
808 1981
809 839
809 913
809 1041
809 1079
809 1244
809 1480
809 1761
809 1781
809 1936
809 1941
810 938
810 1093
810 1188
810 1500
810 1739
810 1842
810 1903
811 1131
811 1592
811 1649
811 1794
812 903
812 1091
812 1173
812 1344
812 1445
812 1600
812 1929
813 828
813 872
813 985
813 1284
813 1454
813 1572
813 1680
814 914
814 940
814 994
814 1066
814 1462
814 1509
814 1545
815 827
815 880
815 1037
815 1284
815 1549
815 1644
815 1949
816 979
816 1202
816 1531
816 1625
816 1762
816 1997
817 822
817 1140
817 1381
817 1543
817 1597
817 1613
817 1711
817 1819
818 846
818 890
818 961
818 1024
818 1186
818 1414
818 1575
818 1657
818 1681
818 1704
818 1794
819 828
819 933
819 1143
819 1591
819 1618
819 1648
819 1680
819 1815
820 1105
820 1237
820 1669
821 937
821 1402
821 1596
821 1635
821 1984
822 985
822 1035
822 1117
822 1492
822 1528
823 945
823 1013
823 1279
823 1297
823 1493
823 1710
823 1835
824 921
824 927
824 1106
824 1153
824 1194
824 1428
824 1865
825 1087
825 1111
825 1112
825 1236
826 900
826 938
826 1044
826 1291
826 1480
826 1488
826 1796
827 831
827 843
827 969
827 1001
827 1064
827 1474
827 1580
827 1918
827 1934
827 1963
828 1046
828 1589
828 1698
828 1721
829 919
829 927
829 983
829 1022
829 1340
829 1746
829 1779
829 1821
829 1842
830 1033
830 1498
830 1513
830 1615
831 895
831 931
831 1433
831 1486
831 1574
831 1659
831 1945
831 1966
832 927
832 1181
832 1294
832 1375
832 1459
832 1796
832 1827
833 906
833 1039
833 1368
833 1538
833 1787
833 1896
833 1939
834 901
834 954
834 1291
834 1429
834 1994
835 939
835 1048
835 1259
835 1353
835 1424
835 1720
835 1762
836 1058
836 1171
836 1630
836 1778
836 1978
837 1022
837 1121
837 1168
837 1298
837 1302
837 1625
837 1772
838 1107
838 1137
838 1292
838 1746
839 1255
839 1304
839 1324
839 1724
840 945
840 1598
840 1759
840 1943
840 1987
841 979
841 1203
841 1404
841 1798
842 1549
842 1599
842 1700
842 1873
842 1903
843 1232
843 1296
843 1326
843 1611
843 1917
844 888
844 1174
844 1314
844 1399
844 1438
844 1564
845 965
845 1117
845 1591
845 1599
845 1745
846 866
846 1050
846 1702
846 1799
846 1911
846 1940
847 858
847 1230
847 1628
848 896
848 1376
848 1793
848 1894
849 928
849 986
849 1020
849 1149
849 1381
849 1474
849 1548
849 1833
849 1955
850 1204
850 1234
850 1598
850 1726
850 1914
850 1923
850 1995
851 1229
851 1308
851 1313
851 1459
851 1737
851 1765
851 1810
852 1197
852 1285
852 1462
852 1688
853 946
853 958
853 1573
853 1590
853 1656
853 1805
854 1115
854 1253
854 1309
854 1834
854 1842
854 1906
854 1985
855 1088
855 1111
855 1346
855 1489
855 1695
855 1945
856 1009
856 1219
856 1357
856 1416
856 1490
856 1812
856 1871
857 1249
857 1483
857 1601
857 1708
857 1800
857 1813
858 1096
858 1414
858 1981
859 1252
859 1453
859 1802
859 1933
859 1971
859 1999
860 996
860 1052
860 1053
860 1094
860 1304
860 1358
860 1483
860 1585
860 1679
860 1713
860 1992
861 931
861 1134
861 1168
861 1201
861 1476
861 1587
861 1632
861 1723
862 870
862 958
862 1116
862 1315
862 1349
862 1428
862 1453
862 1549
862 1766
863 1079
863 1519
864 884
864 1025
864 1478
864 1673
864 1789
864 1847
865 1179
865 1514
865 1870
865 1884
866 1139
866 1353
866 1665
866 1863
867 1101
867 1108
867 1209
867 1490
867 1656
868 1126
868 1275
868 1289
868 1306
868 1620
868 1721
869 922
869 925
869 935
869 947
869 952
869 996
869 1476
869 1568
870 1185
870 1317
870 1497
870 1559
870 1726
870 1774
871 1459
871 1741
871 1794
871 1999
872 1068
872 1346
872 1499
872 1860
873 1520
873 1812
874 987
874 1041
874 1565
874 1751
875 907
875 1327
875 1400
875 1436
875 1489
876 911
876 960
876 1149
876 1262
876 1428
876 1636
876 1779
876 1901
877 1024
877 1783
877 1993
878 923
878 1050
878 1059
878 1593
878 1614
878 1958
879 1122
879 1294
880 894
880 928
880 1130
880 1144
880 1797
880 1814
880 1923
881 1065
881 1437
881 1735
881 1739
881 1803
881 1805
882 939
882 1420
882 1460
882 1521
882 1659
882 1668
882 1724
882 1761
882 1777
882 1868
883 910
883 1675
883 1850
883 1886
884 1350
884 1411
884 1569
884 1648
884 1966
885 1043
885 1231
885 1261
885 1514
885 1564
885 1605
885 1694
885 1804
885 1930
886 932
886 1894
887 944
887 1272
887 1557
887 1583
887 1680
888 1197
888 1592
888 1872
889 1680
889 1728
889 1740
889 1907
889 1914
890 1242
890 1243
890 1402
890 1430
890 1643
890 1980
891 934
891 1101
891 1714
891 1902
892 1399
892 1639
892 1769
893 973
893 984
893 1121
893 1175
893 1238
893 1253
893 1373
893 1634
894 1281
894 1306
894 1364
894 1940
894 1947
895 913
895 1115
895 1226
895 1385
895 1723
895 1848
895 1854
896 1134
896 1405
897 926
897 956
897 969
897 1005
897 1115
897 1186
897 1622
897 1644
897 1716
898 1294
898 1335
898 1386
898 1524
898 1753
898 1791
898 1838
899 1314
899 1366
899 1379
899 1660
899 1686
899 1843
899 1916
900 1680
900 1729
901 928
901 968
901 1229
901 1426
901 1598
901 1749
901 1779
901 1907
902 1118
902 1392
902 1688
902 1835
903 1149
903 1604
903 1915
904 1026
904 1050
904 1159
904 1180
904 1702
904 1727
905 1119
905 1291
905 1558
905 1777
905 1866
906 942
906 1442
906 1530
906 1599
906 1704
906 1716
906 1752
906 1829
907 1037
907 1054
907 1204
907 1490
907 1669
907 1979
907 1991
908 934
908 1400
908 1408
908 1612
908 1631
908 1821
909 935
909 1048
909 1091
909 1296
909 1549
909 1649
909 1822
909 1961
909 1972
910 947
910 1008
910 1170
910 1264
910 1383
910 1459
911 957
911 1032
911 1126
911 1668
912 1100
912 1377
912 1896
913 1036
913 1259
913 1438
913 1674
913 1865
914 1098
914 1345
914 1569
915 1181
915 1236
915 1332
915 1415
916 935
916 1014
916 1101
916 1109
916 1313
916 1327
916 1411
916 1704
916 1741
917 1383
917 1423
917 1493
917 1622
917 1873
917 1935
918 1115
918 1278
918 1735
918 1823
919 1113
919 1172
919 1179
919 1243
919 1298
919 1311
919 1329
919 1418
920 971
920 987
920 1189
920 1640
920 1802
920 1996
921 1174
921 1363
921 1435
921 1501
921 1647
921 1964
922 1347
922 1466
922 1487
922 1618
922 1963
923 1137
923 1138
924 1084
924 1131
924 1316
924 1364
924 1365
924 1392
924 1492
924 1536
925 1404
925 1411
925 1564
925 1686
926 1007
926 1241
926 1733
927 1239
927 1285
927 1367
927 1837
927 1850
927 1885
927 1926
928 1160
928 1450
928 1802
929 1711
929 1712
929 1996
930 1200
930 1234
930 1497
930 1573
930 1678
930 1704
930 1754
930 1967
931 948
931 1093
931 1482
931 1674
931 1891
932 1150
932 1404
932 1407
932 1482
932 1543
932 1661
932 1773
932 1825
932 1889
932 1917
932 1936
933 1309
933 1547
933 1807
934 1031
934 1086
934 1209
934 1453
934 1994
935 1228
935 1332
935 1386
935 1479
935 1564
935 1623
935 1712
935 1930
936 1019
936 1410
936 1688
937 1252
937 1282
937 1350
937 1412
937 1850
937 1917
937 1924
938 1049
938 1190
938 1658
938 1801
938 1971
939 1036
939 1345
939 1621
939 1775
939 1999
940 1121
940 1208
940 1608
941 1050
941 1117
941 1142
941 1347
941 1367
941 1510
941 1880
942 1138
942 1271
942 1351
942 1406
942 1724
943 1044
943 1604
944 1012
944 1067
944 1238
944 1323
944 1575
944 1892
945 1215
945 1251
945 1654
945 1806
946 1119
946 1386
946 1622
946 1686
946 1799
946 1810
947 1267
947 1303
947 1383
947 1425
947 1454
947 1784
947 1939
948 1020
948 1368
948 1885
949 1421
949 1565
949 1619
949 1974
950 1337
950 1445
951 975
951 1022
951 1241
951 1312
951 1372
951 1427
951 1568
951 1570
951 1835
951 1985
952 1051
952 1075
952 1264
952 1657
952 1698
952 1839
952 1940
952 1944
953 1051
953 1544
953 1946
954 1318
954 1449
954 1683
954 1999
955 1053
955 1326
955 1568
956 1086
956 1092
956 1100
956 1374
956 1523
956 1527
956 1715
956 1771
956 1954
956 1989
957 1044
957 1060
957 1075
957 1283
957 1581
957 1611
957 1706
957 1719
958 1404
958 1470
959 1429
959 1467
959 1509
959 1666
959 1765
959 1909
960 964
960 1090
960 1098
960 1201
960 1233
960 1324
960 1409
960 1531
960 1552
961 1223
961 1470
961 1513
961 1909
961 1985
962 967
962 1206
962 1524
962 1564
962 1568
962 1594
962 1642
963 1060
963 1236
963 1410
963 1655
963 1756
963 1779
963 1831
964 1084
964 1248
964 1271
964 1286
964 1491
964 1521
964 1555
964 1606
964 1954
965 1097
965 1307
965 1341
965 1362
965 1493
966 1001
966 1464
966 1874
966 1987
967 1318
967 1688
967 1895
968 1145
968 1530
968 1622
968 1642
969 1039
969 1261
969 1470
969 1626
969 1938
970 1072
970 1143
970 1359
970 1387
970 1730
970 1879
971 981
971 1083
971 1107
971 1167
971 1385
971 1656
971 1739
971 1923
972 1256
972 1300
972 1355
972 1490
972 1551
972 1558
972 1658
973 1180
973 1357
973 1429
973 1579
973 1716
973 1875
973 1998
974 1478
974 1611
974 1687
974 1939
975 981
975 1187
975 1293
975 1543
975 1593
975 1609
975 1768
975 1933
975 1973
976 1116
976 1119
976 1191
976 1776
977 1242
977 1726
977 1848
978 1384
978 1458
978 1782
978 1864
979 998
979 1226
979 1316
979 1467
979 1473
979 1519
979 1677
979 1733
980 1058
980 1288
980 1863
980 1994
981 1113
981 1213
981 1315
981 1405
981 1561
981 1566
981 1772
981 1824
982 1249
982 1383
982 1425
982 1653
982 1767
982 1907
982 1958
983 1425
983 1505
983 1618
983 1799
983 1891
984 1060
984 1305
984 1593
984 1834
984 1881
985 1027
985 1383
985 1492
985 1516
985 1612
985 1650
986 1065
986 1273
986 1304
986 1534
986 1707
987 1000
987 1186
987 1248
987 1492
987 1758
987 1936
988 1264
988 1431
988 1460
988 1616
988 1623
988 1657
988 1802
988 1911
989 1543
989 1632
989 1878
990 1024
990 1064
990 1088
990 1210
990 1312
990 1326
991 1366
991 1508
991 1659
991 1770
991 1936
992 1061
992 1210
992 1347
992 1635
992 1844
992 1869
992 1884
993 1238
993 1866
994 1031
994 1488
994 1497
994 1806
994 1971
995 1854
996 1083
996 1193
996 1281
996 1308
996 1529
996 1578
996 1593
996 1898
997 1076
997 1319
997 1866
997 1951
997 1958
998 1016
998 1123
998 1127
998 1210
998 1770
999 1338
999 1430
999 1546
999 1935
1000 1717
1000 1723
1000 1804
1001 1419
1001 1455
1001 1612
1001 1699
1002 1100
1002 1635
1002 1684
1002 1800
1002 1929
1003 1025
1003 1099
1003 1257
1003 1501
1003 1821
1003 1965
1004 1044
1004 1228
1004 1304
1004 1387
1004 1713
1005 1031
1005 1263
1005 1546
1005 1699
1005 1844
1006 1127
1006 1292
1006 1297
1006 1326
1006 1359
1006 1744
1006 1792
1006 1864
1007 1394
1007 1451
1007 1551
1007 1645
1007 1744
1007 1826
1007 1854
1007 1949
1007 1995
1008 1411
1008 1771
1008 1827
1009 1073
1009 1175
1009 1223
1009 1325
1009 1426
1009 1467
1009 1791
1010 1024
1010 1300
1010 1337
1010 1616
1010 1649
1010 1786
1011 1248
1011 1678
1011 1848
1012 1097
1012 1120
1012 1123
1012 1391
1012 1440
1012 1762
1012 1916
1012 1959
1013 1072
1013 1455
1013 1662
1013 1985
1014 1238
1014 1543
1015 1030
1015 1147
1015 1451
1015 1464
1015 1493
1015 1543
1015 1734
1015 1795
1016 1066
1016 1148
1016 1158
1016 1256
1016 1327
1016 1644
1016 1825
1016 1929
1017 1248
1017 1542
1017 1860
1017 1950
1018 1039
1018 1632
1018 1691
1018 1698
1019 1603
1019 1742
1019 1771
1019 1862
1019 1864
1020 1550
1020 1698
1020 1796
1020 1987
1021 1151
1021 1441
1021 1550
1021 1601
1021 1770
1022 1143
1022 1189
1022 1330
1022 1353
1022 1554
1022 1809
1023 1062
1023 1374
1024 1533
1024 1584
1024 1665
1024 1675
1025 1235
1025 1243
1025 1566
1025 1697
1025 1780
1025 1781
1026 1249
1026 1507
1027 1146
1027 1338
1027 1486
1027 1880
1027 1927
1027 1944
1028 1146
1028 1513
1028 1668
1028 1761
1029 1359
1029 1527
1029 1631
1029 1821
1030 1177
1030 1283
1030 1579
1030 1877
1031 1132
1031 1277
1031 1416
1031 1434
1031 1567
1031 1629
1031 1778
1031 1869
1031 1923
1031 1940
1032 1171
1032 1361
1032 1537
1032 1645
1032 1735
1033 1185
1033 1306
1033 1388
1033 1455
1033 1525
1033 1590
1033 1729
1033 1891
1034 1109
1034 1117
1034 1228
1034 1373
1034 1516
1034 1742
1034 1894
1035 1477
1035 1925
1036 1142
1036 1156
1036 1158
1036 1214
1036 1221
1036 1308
1036 1858
1037 1968
1038 1134
1038 1324
1038 1427
1038 1907
1038 1918
1038 1949
1038 1998
1039 1126
1039 1261
1039 1464
1039 1587
1039 1691
1039 1891
1040 1565
1040 1621
1040 1756
1041 1213
1041 1264
1041 1283
1041 1307
1041 1413
1041 1767
1041 1773
1041 1867
1042 1220
1042 1575
1042 1866
1043 1202
1043 1245
1043 1253
1043 1307
1043 1358
1043 1540
1043 1572
1043 1602
1043 1703
1043 1759
1044 1655
1044 1744
1044 1790
1044 1839
1044 1840
1045 1339
1045 1636
1045 1846
1045 1858
1045 1869
1045 1914
1045 1970
1046 1073
1046 1149
1046 1547
1046 1549
1046 1597
1046 1830
1047 1193
1047 1273
1047 1316
1047 1462
1047 1514
1047 1567
1047 1644
1047 1717
1047 1861
1047 1995
1048 1413
1049 1252
1049 1443
1049 1565
1049 1714
1050 1616
1050 1676
1050 1785
1050 1867
1051 1642
1051 1681
1051 1786
1052 1689
1052 1716
1052 1794
1052 1913
1053 1622
1053 1879
1053 1995
1054 1118
1054 1361
1054 1441
1054 1613
1054 1663
1054 1936
1055 1324
1055 1338
1055 1447
1055 1617
1055 1819
1055 1945
1056 1062
1056 1609
1056 1941
1057 1174
1057 1215
1057 1245
1057 1515
1057 1628
1057 1689
1057 1812
1057 1871
1057 1908
1057 1979
1058 1230
1059 1416
1059 1460
1059 1477
1059 1541
1059 1930
1060 1070
1060 1124
1060 1150
1060 1200
1060 1233
1060 1516
1061 1258
1061 1333
1061 1397
1062 1265
1062 1456
1062 1633
1062 1810
1063 1115
1063 1310
1063 1348
1063 1699
1063 1727
1063 1811
1063 1892
1063 1962
1064 1414
1064 1636
1064 1670
1064 1741
1065 1237
1065 1513
1065 1548
1065 1578
1065 1737
1065 1931
1065 1965
1065 1989
1066 1547
1066 1662
1066 1834
1067 1291
1067 1336
1067 1398
1067 1464
1067 1575
1067 1652
1068 1141
1068 1167
1068 1275
1068 1534
1068 1536
1068 1584
1068 1818
1069 1422
1069 1435
1069 1440
1069 1679
1069 1750
1069 1971
1070 1509
1070 1725
1070 1864
1071 1215
1071 1339
1071 1404
1071 1450
1071 1486
1071 1995
1072 1088
1072 1155
1072 1519
1072 1624
1073 1169
1073 1312
1073 1441
1073 1765
1074 1408
1074 1742
1075 1102
1076 1107
1076 1141
1076 1191
1076 1228
1076 1904
1077 1190
1077 1520
1077 1702
1078 1161
1079 1445
1079 1528
1079 1667
1079 1872
1080 1118
1080 1429
1080 1689
1081 1155
1081 1330
1081 1484
1081 1512
1081 1755
1082 1152
1082 1196
1082 1274
1082 1282
1084 1531
1085 1646
1085 1661
1085 1715
1085 1746
1085 1956
1085 1998
1086 1162
1086 1185
1086 1278
1086 1284
1086 1354
1086 1526
1086 1800
1086 1985
1087 1417
1087 1549
1087 1711
1087 1815
1087 1816
1087 1969
1088 1123
1088 1411
1088 1430
1089 1957
1090 1324
1090 1606
1090 1652
1090 1886
1091 1655
1091 1826
1092 1182
1092 1305
1092 1504
1092 1585
1092 1944
1093 1104
1093 1117
1093 1225
1093 1270
1093 1754
1093 1828
1094 1265
1094 1396
1094 1451
1094 1774
1095 1906
1096 1117
1096 1186
1096 1347
1096 1349
1096 1421
1096 1975
1097 1229
1097 1479
1097 1507
1097 1533
1097 1567
1097 1663
1097 1872
1098 1290
1099 1713
1099 1978
1100 1187
1100 1249
1100 1548
1100 1642
1100 1823
1100 1838
1100 1849
1100 1955
1101 1447
1101 1456
1101 1469
1101 1584
1101 1812
1101 1896
1102 1340
1102 1454
1102 1506
1102 1600
1102 1755
1102 1867
1102 1974
1103 1214
1103 1367
1103 1546
1103 1662
1104 1317
1104 1329
1104 1501
1104 1792
1104 1879
1105 1141
1105 1265
1105 1296
1105 1415
1105 1417
1105 1846
1106 1475
1106 1545
1106 1547
1106 1647
1107 1170
1107 1329
1107 1513
1107 1756
1107 1838
1108 1153
1109 1535
1109 1841
1110 1158
1110 1280
1110 1534
1110 1544
1110 1931
1111 1136
1111 1137
1111 1186
1111 1282
1111 1336
1111 1578
1111 1604
1111 1811
1112 1296
1112 1331
1112 1535
1112 1678
1113 1393
1113 1592
1113 1676
1113 1724
1113 1785
1113 1855
1114 1232
1114 1361
1114 1432
1114 1813
1114 1966
1115 1215
1115 1232
1115 1271
1115 1281
1115 1422
1115 1676
1115 1795
1115 1890
1116 1138
1116 1176
1116 1309
1116 1508
1116 1517
1116 1931
1117 1356
1117 1649
1117 1711
1118 1193
1118 1505
1118 1835
1119 1267
1119 1456
1119 1548
1119 1645
1119 1795
1119 1887
1120 1271
1120 1432
1120 1503
1120 1590
1121 1186
1121 1421
1121 1547
1121 1592
1121 1629
1121 1768
1122 1580
1122 1649
1122 1687
1123 1137
1123 1272
1123 1541
1123 1655
1123 1858
1123 1954
1124 1403
1124 1443
1124 1478
1124 1515
1124 1732
1124 1940
1125 1237
1125 1244
1125 1744
1126 1343
1126 1401
1127 1216
1127 1556
1127 1626
1127 1985
1127 1997
1128 1339
1128 1380
1128 1448
1128 1549
1129 1334
1129 1567
1130 1143
1130 1923
1130 1946
1131 1176
1131 1188
1131 1344
1131 1346
1131 1492
1131 1681
1131 1790
1131 1908
1132 1616
1132 1686
1133 1333
1133 1541
1133 1622
1133 1710
1133 1854
1133 1884
1134 1389
1134 1518
1134 1549
1134 1617
1134 1619
1134 1732
1135 1223
1135 1450
1135 1686
1136 1202
1136 1251
1136 1340
1136 1456
1136 1493
1136 1649
1137 1174
1137 1266
1137 1542
1138 1174
1138 1368
1138 1396
1138 1491
1138 1618
1138 1742
1139 1745
1139 1770
1139 1870
1139 1902
1141 1152
1141 1182
1141 1322
1141 1344
1141 1482
1141 1704
1141 1805
1141 1836
1141 1888
1142 1324
1142 1549
1142 1908
1143 1151
1143 1262
1143 1431
1143 1653
1144 1178
1144 1238
1144 1313
1144 1438
1145 1248
1145 1260
1145 1566
1145 1628
1145 1643
1145 1691
1146 1350
1146 1404
1146 1457
1146 1507
1146 1653
1146 1758
1146 1824
1147 1264
1147 1278
1147 1330
1147 1501
1147 1512
1147 1670
1147 1698
1147 1826
1147 1832
1148 1625
1148 1894
1148 1896
1149 1305
1149 1515
1149 1859
1149 1914
1149 1995
1150 1623
1151 1632
1151 1801
1152 1359
1152 1377
1152 1428
1152 1452
1152 1595
1152 1619
1153 1311
1153 1512
1153 1575
1153 1707
1153 1752
1153 1989
1154 1282
1154 1354
1154 1456
1154 1609
1154 1883
1155 1451
1155 1473
1156 1256
1156 1299
1156 1613
1158 1189
1158 1237
1158 1499
1158 1605
1159 1210
1159 1399
1159 1568
1160 1284
1161 1723
1161 1926
1161 1953
1162 1387
1162 1487
1162 1853
1162 1987
1163 1228
1163 1661
1163 1985
1164 1333
1164 1431
1164 1625
1164 1675
1164 1733
1164 1751
1165 1217
1165 1306
1165 1333
1165 1483
1165 1559
1165 1944
1166 1223
1166 1522
1166 1644
1166 1927
1167 1346
1167 1562
1167 1752
1167 1830
1167 1832
1167 1860
1167 1924
1168 1275
1168 1358
1168 1540
1168 1655
1169 1253
1170 1746
1170 1873
1171 1435
1171 1523
1171 1903
1171 1914
1172 1489
1172 1491
1172 1542
1172 1586
1172 1587
1172 1697
1172 1769
1172 1917
1172 1991
1173 1497
1173 1639
1173 1682
1173 1750
1174 1549
1174 1592
1174 1907
1174 1949
1175 1515
1175 1615
1175 1784
1175 1904
1175 1946
1175 1986
1175 1987
1176 1206
1176 1223
1176 1877
1176 1921
1177 1259
1177 1366
1177 1538
1177 1692
1177 1763
1178 1461
1178 1469
1179 1246
1179 1249
1179 1705
1180 1441
1181 1347
1181 1438
1181 1843
1182 1466
1182 1569
1182 1973
1183 1262
1183 1275
1183 1473
1183 1601
1183 1627
1183 1739
1183 1901
1184 1651
1185 1381
1185 1385
1185 1450
1185 1591
1187 1275
1187 1377
1187 1384
1187 1468
1187 1532
1187 1808
1187 1814
1188 1566
1188 1577
1188 1776
1188 1836
1189 1381
1189 1652
1189 1696
1189 1966
1190 1320
1190 1442
1190 1460
1190 1807
1191 1336
1191 1352
1191 1854
1191 1978
1192 1571
1192 1587
1192 1631
1192 1935
1193 1254
1193 1552
1193 1805
1193 1819
1193 1873
1194 1626
1194 1638
1194 1831
1194 1943
1195 1246
1195 1395
1195 1548
1196 1783
1196 1877
1197 1399
1197 1572
1198 1226
1198 1258
1198 1814
1199 1226
1199 1341
1199 1541
1199 1567
1199 1962
1200 1458
1200 1749
1200 1760
1200 1814
1201 1218
1201 1601
1201 1727
1201 1896
1202 1289
1202 1772
1203 1547
1203 1634
1203 1646
1204 1251
1204 1466
1204 1629
1205 1791
1205 1879
1206 1210
1206 1338
1206 1868
1206 1963
1207 1208
1207 1246
1207 1278
1207 1305
1207 1314
1207 1600
1207 1624
1207 1773
1208 1358
1208 1514
1208 1567
1208 1575
1208 1947
1209 1545
1209 1615
1209 1833
1209 1839
1209 1880
1210 1302
1210 1547
1210 1708
1210 1835
1210 1869
1211 1223
1211 1572
1212 1299
1212 1325
1212 1444
1212 1836
1213 1227
1213 1821
1213 1861
1213 1968
1214 1608
1214 1866
1215 1355
1215 1373
1215 1592
1215 1699
1215 1715
1215 1831
1216 1281
1216 1547
1216 1777
1216 1911
1217 1381
1217 1783
1217 1910
1218 1483
1218 1514
1218 1712
1218 1948
1219 1263
1219 1380
1219 1732
1219 1883
1219 1997
1220 1249
1220 1445
1220 1571
1220 1637
1221 1476
1221 1580
1221 1676
1222 1380
1222 1425
1222 1536
1223 1361
1223 1766
1224 1357
1224 1797
1224 1832
1224 1914
1225 1264
1225 1425
1226 1297
1226 1361
1226 1728
1226 1734
1227 1498
1227 1514
1227 1886
1227 1963
1227 1973
1228 1414
1228 1574
1229 1310
1229 1429
1229 1722
1229 1848
1231 1845
1231 1878
1232 1380
1232 1453
1232 1637
1232 1796
1233 1392
1233 1444
1233 1793
1233 1851
1234 1428
1235 1660
1235 1721
1235 1779
1235 1829
1236 1304
1236 1407
1236 1593
1236 1879
1237 1477
1237 1603
1237 1734
1238 1674
1238 1737
1239 1313
1239 1365
1239 1388
1239 1733
1239 1811
1239 1859
1240 1379
1240 1736
1240 1842
1240 1925
1241 1370
1241 1525
1241 1549
1241 1560
1241 1846
1241 1983
1241 1989
1242 1361
1242 1459
1242 1516
1242 1778
1243 1510
1243 1662
1243 1753
1244 1697
1244 1794
1245 1386
1245 1402
1245 1423
1245 1791
1245 1832
1246 1885
1247 1251
1247 1501
1247 1965
1248 1448
1248 1679
1248 1921
1249 1599
1249 1655
1250 1347
1251 1261
1251 1323
1251 1638
1251 1664
1251 1876
1252 1529
1252 1616
1252 1678
1252 1852
1253 1296
1253 1393
1253 1423
1253 1428
1253 1552
1253 1805
1253 1820
1253 1856
1253 1957
1254 1418
1254 1621
1254 1649
1254 1705
1254 1816
1255 1428
1255 1468
1255 1780
1255 1843
1255 1980
1256 1332
1256 1336
1256 1356
1256 1367
1256 1428
1256 1515
1256 1521
1256 1705
1256 1903
1257 1270
1257 1358
1257 1454
1257 1470
1257 1624
1257 1946
1258 1735
1258 1971
1259 1519
1259 1755
1260 1367
1260 1428
1260 1771
1260 1775
1260 1923
1260 1980
1261 1488
1261 1701
1261 1741
1261 1779
1261 1963
1262 1330
1262 1380
1262 1505
1262 1623
1262 1659
1262 1806
1262 1830
1262 1837
1262 1955
1263 1278
1263 1704
1263 1805
1263 1874
1264 1284
1265 1545
1265 1750
1265 1834
1266 1589
1266 1997
1267 1439
1267 1466
1267 1472
1267 1548
1267 1660
1267 1721
1268 1344
1268 1345
1268 1369
1268 1499
1268 1505
1268 1868
1269 1318
1269 1462
1269 1463
1269 1677
1270 1375
1270 1815
1271 1444
1271 1688
1271 1730
1272 1403
1272 1547
1273 1728
1274 1305
1274 1428
1274 1648
1274 1690
1274 1881
1275 1857
1275 1896
1276 1525
1276 1618
1276 1653
1276 1856
1276 1873
1277 1574
1277 1921
1278 1415
1278 1463
1278 1472
1278 1482
1278 1594
1278 1735
1278 1885
1278 1932
1279 1488
1279 1491
1279 1514
1279 1837
1280 1300
1280 1623
1280 1690
1280 1714
1281 1383
1281 1392
1281 1702
1281 1711
1281 1791
1281 1867
1281 1945
1282 1306
1283 1388
1283 1444
1283 1709
1283 1741
1283 1960
1284 1303
1284 1355
1284 1505
1284 1552
1284 1556
1284 1717
1285 1479
1285 1616
1286 1339
1286 1583
1286 1847
1286 1928
1287 1539
1288 1506
1288 1883
1288 1900
1288 1914
1288 1984
1289 1674
1289 1981
1290 1684
1291 1298
1291 1570
1291 1803
1292 1628
1292 1702
1292 1789
1292 1861
1293 1581
1293 1692
1293 1839
1294 1388
1294 1502
1294 1521
1294 1749
1295 1583
1295 1714
1295 1752
1295 1758
1296 1594
1296 1849
1297 1702
1297 1999
1298 1564
1298 1629
1298 1652
1298 1725
1298 1818
1299 1359
1299 1732
1299 1874
1300 1406
1300 1560
1300 1572
1300 1602
1300 1790
1301 1315
1301 1702
1301 1811
1302 1315
1302 1435
1302 1503
1302 1608
1302 1818
1303 1321
1303 1358
1304 1326
1304 1524
1304 1635
1304 1722
1304 1768
1304 1915
1305 1589
1305 1698
1306 1487
1306 1493
1306 1882
1307 1570
1308 1475
1308 1617
1308 1694
1309 1317
1309 1499
1309 1518
1309 1589
1309 1615
1309 1862
1309 1900
1309 1969
1310 1434
1310 1507
1310 1571
1310 1880
1310 1936
1311 1403
1311 1519
1311 1741
1311 1820
1311 1864
1312 1321
1312 1550
1312 1673
1312 1767
1312 1893
1313 1527
1313 1635
1313 1685
1313 1775
1313 1924
1314 1461
1314 1475
1314 1572
1314 1647
1314 1970
1315 1402
1315 1612
1315 1684
1315 1697
1315 1732
1316 1460
1316 1893
1316 1937
1317 1910
1318 1669
1318 1823
1319 1442
1319 1684
1320 1453
1320 1533
1321 1360
1321 1364
1321 1375
1321 1628
1321 1718
1321 1908
1321 1970
1321 1976
1322 1339
1322 1356
1322 1421
1322 1730
1322 1835
1323 1376
1324 1328
1324 1333
1325 1357
1325 1418
1325 1886
1326 1648
1326 1905
1327 1603
1327 1623
1327 1774
1327 1863
1328 1476
1328 1495
1328 1496
1329 1507
1329 1630
1329 1877
1330 1493
1330 1646
1330 1664
1330 1867
1330 1915
1331 1406
1331 1449
1331 1672
1332 1742
1332 1835
1332 1991
1333 1433
1333 1487
1333 1818
1334 1427
1334 1696
1334 1890
1334 1981
1335 1409
1335 1664
1335 1815
1335 1830
1335 1914
1335 1973
1336 1385
1336 1413
1336 1476
1336 1606
1336 1645
1336 1657
1337 1525
1337 1879
1338 1568
1338 1584
1338 1595
1338 1596
1338 1631
1338 1665
1338 1694
1338 1695
1338 1780
1338 1791
1339 1413
1339 1629
1339 1675
1341 1682
1341 1977
1342 1353
1342 1391
1342 1584
1342 1789
1342 1924
1343 1927
1343 1947
1344 1930
1345 1368
1345 1393
1345 1470
1345 1676
1345 1828
1345 1936
1346 1513
1346 1532
1346 1610
1346 1622
1346 1626
1346 1644
1346 1710
1346 1999
1348 1435
1348 1443
1348 1644
1348 1685
1348 1719
1348 1720
1348 1770
1348 1846
1348 1946
1349 1590
1349 1636
1350 1489
1350 1572
1351 1562
1351 1628
1351 1747
1351 1855
1351 1942
1352 1370
1352 1456
1353 1402
1353 1604
1354 1473
1354 1512
1354 1535
1354 1654
1354 1874
1354 1927
1355 1899
1356 1545
1356 1716
1356 1874
1356 1958
1357 1591
1357 1704
1357 1725
1358 1413
1358 1700
1358 1826
1359 1361
1359 1389
1359 1548
1360 1874
1360 1968
1361 1700
1361 1864
1362 1800
1363 1483
1363 1532
1363 1657
1364 1641
1365 1452
1365 1488
1365 1523
1366 1618
1366 1647
1366 1949
1368 1427
1368 1743
1370 1676
1371 1533
1371 1576
1371 1622
1371 1623
1371 1840
1372 1420
1372 1755
1372 1825
1372 1862
1373 1527
1373 1788
1373 1841
1373 1923
1373 1958
1373 1995
1374 1950
1375 1795
1375 1912
1375 1961
1376 1490
1376 1645
1376 1651
1376 1678
1376 1716
1376 1761
1376 1875
1377 1504
1377 1537
1377 1886
1378 1519
1378 1570
1378 1634
1378 1721
1379 1402
1379 1665
1380 1587
1380 1629
1380 1697
1380 1712
1380 1759
1380 1769
1381 1606
1381 1657
1381 1927
1381 1930
1381 1971
1382 1584
1382 1613
1382 1714
1382 1740
1382 1766
1382 1821
1382 1949
1383 1546
1383 1685
1383 1793
1383 1967
1384 1386
1384 1445
1384 1653
1384 1688
1384 1739
1384 1773
1384 1907
1385 1477
1385 1696
1385 1914
1385 1991
1386 1394
1386 1522
1386 1528
1389 1899
1389 1968
1391 1592
1391 1746
1391 1768
1392 1500
1392 1827
1392 1956
1393 1610
1393 1908
1395 1433
1395 1467
1395 1785
1395 1908
1395 1928
1396 1537
1397 1451
1397 1504
1397 1621
1397 1837
1397 1908
1397 1962
1398 1421
1398 1628
1398 1719
1398 1720
1398 1744
1398 1815
1398 1893
1398 1967
1398 1989
1399 1834
1400 1746
1400 1864
1401 1803
1401 1874
1402 1585
1402 1799
1402 1844
1403 1427
1403 1634
1403 1764
1403 1856
1403 1894
1403 1939
1403 1944
1404 1748
1404 1862
1405 1669
1405 1789
1405 1875
1405 1898
1405 1937
1406 1530
1406 1669
1406 1880
1406 1899
1406 1904
1407 1543
1407 1649
1408 1490
1408 1662
1409 1598
1409 1937
1410 1528
1410 1810
1410 1919
1410 1954
1411 1413
1411 1509
1411 1865
1412 1468
1412 1705
1413 1493
1413 1576
1413 1685
1413 1759
1413 1760
1414 1751
1415 1461
1416 1550
1416 1576
1416 1838
1417 1508
1417 1663
1417 1946
1418 1870
1418 1973
1419 1528
1419 1857
1420 1950
1421 1747
1422 1651
1422 1684
1423 1583
1423 1805
1423 1833
1424 1911
1425 1627
1425 1737
1426 1639
1426 1912
1426 1938
1427 1616
1427 1736
1427 1756
1427 1778
1427 1800
1428 1638
1428 1966
1429 1443
1430 1579
1430 1722
1430 1918
1431 1452
1431 1474
1431 1481
1431 1507
1431 1809
1432 1501
1432 1784
1432 1822
1434 1472
1434 1513
1434 1844
1435 1579
1436 1542
1436 1745
1436 1983
1437 1529
1437 1615
1437 1699
1437 1721
1437 1944
1438 1477
1438 1488
1438 1642
1438 1752
1438 1755
1438 1952
1438 1985
1439 1673
1439 1875
1440 1722
1440 1790
1440 1808
1441 1446
1441 1791
1441 1981
1442 1456
1442 1656
1442 1797
1443 1750
1443 1795
1443 1902
1444 1840
1444 1936
1444 1957
1445 1566
1445 1714
1445 1806
1446 1541
1446 1556
1446 1568
1446 1753
1446 1836
1446 1948
1447 1634
1448 1888
1449 1605
1449 1737
1449 1792
1450 1595
1450 1619
1451 1797
1451 1851
1451 1943
1452 1880
1453 1668
1453 1759
1454 1580
1454 1728
1454 1745
1454 1843
1455 1612
1455 1978
1456 1505
1456 1989
1457 1468
1457 1668
1457 1719
1457 1990
1458 1870
1459 1620
1459 1723
1459 1928
1460 1737
1460 1882
1461 1493
1461 1782
1462 1472
1462 1511
1462 1539
1462 1805
1462 1964
1463 1635
1463 1814
1463 1852
1464 1621
1465 1542
1465 1591
1465 1730
1465 1895
1466 1673
1467 1559
1468 1639
1468 1890
1468 1903
1468 1935
1468 1967
1469 1499
1469 1549
1469 1753
1469 1963
1470 1594
1470 1762
1471 1558
1471 1594
1471 1777
1471 1957
1472 1591
1472 1677
1473 1479
1473 1659
1473 1697
1473 1708
1473 1717
1474 1755
1474 1768
1475 1497
1475 1607
1475 1646
1475 1881
1476 1696
1476 1757
1477 1504
1477 1718
1477 1839
1478 1534
1478 1552
1478 1628
1478 1895
1479 1659
1479 1683
1479 1684
1479 1852
1479 1870
1479 1926
1480 1553
1480 1602
1480 1961
1481 1499
1481 1520
1481 1560
1481 1596
1481 1913
1482 1588
1483 1887
1484 1715
1484 1947
1485 1547
1485 1667
1485 1788
1485 1811
1485 1991
1486 1803
1486 1945
1487 1780
1488 1557
1488 1699
1488 1700
1489 1671
1490 1564
1490 1635
1490 1954
1492 1521
1492 1586
1492 1598
1492 1623
1492 1647
1492 1788
1492 1941
1492 1946
1493 1568
1494 1660
1494 1743
1495 1562
1496 1583
1496 1610
1496 1891
1498 1521
1498 1605
1498 1792
1499 1631
1499 1718
1499 1844
1500 1543
1500 1587
1500 1737
1501 1567
1501 1841
1502 1513
1502 1907
1503 1636
1504 1932
1505 1730
1505 1813
1505 1931
1506 1605
1507 1620
1508 1911
1508 1986
1509 1932
1509 1952
1510 1513
1510 1650
1510 1724
1510 1728
1510 1786
1510 1846
1510 1976
1511 1606
1511 1634
1511 1808
1511 1933
1511 1969
1512 1604
1513 1718
1513 1772
1513 1849
1515 1707
1515 1741
1515 1799
1515 1823
1515 1864
1516 1701
1517 1645
1517 1817
1518 1754
1518 1874
1518 1883
1518 1906
1519 1825
1519 1840
1519 1988
1520 1599
1520 1738
1520 1816
1521 1633
1521 1661
1521 1781
1521 1867
1521 1912
1522 1539
1522 1750
1522 1803
1522 1891
1523 1628
1523 1933
1524 1618
1524 1772
1525 1706
1525 1728
1525 1746
1525 1790
1526 1554
1526 1703
1526 1924
1528 1532
1528 1657
1528 1696
1528 1752
1529 1670
1529 1882
1530 1798
1530 1891
1531 1540
1531 1610
1531 1623
1531 1951
1532 1738
1534 1629
1534 1762
1534 1900
1535 1606
1535 1783
1535 1792
1535 1847
1535 1915
1537 1550
1537 1902
1538 1630
1538 1955
1539 1581
1540 1867
1541 1804
1542 1649
1543 1995
1544 1568
1544 1932
1545 1555
1545 1583
1545 1652
1545 1671
1546 1891
1547 1750
1547 1909
1548 1731
1549 1966
1550 1592
1550 1698
1550 1786
1550 1841
1551 1595
1551 1791
1551 1850
1553 1711
1553 1721
1553 1888
1554 1650
1554 1703
1554 1914
1555 1664
1555 1896
1556 1573
1556 1689
1556 1791
1557 1630
1557 1676
1557 1790
1557 1880
1558 1594
1558 1692
1558 1803
1559 1851
1559 1883
1559 1927
1559 1956
1560 1695
1561 1901
1561 1918
1562 1601
1562 1904
1563 1705
1563 1743
1563 1792
1563 1798
1565 1694
1565 1847
1566 1767
1567 1571
1567 1575
1567 1609
1567 1695
1567 1905
1568 1631
1568 1638
1569 1635
1569 1663
1569 1870
1569 1873
1569 1918
1570 1592
1570 1632
1571 1804
1571 1945
1572 1653
1572 1666
1572 1768
1572 1972
1573 1986
1575 1866
1575 1897
1576 1808
1576 1843
1576 1851
1577 1970
1578 1684
1578 1713
1578 1948
1579 1733
1579 1853
1579 1936
1580 1962
1581 1600
1581 1868
1581 1872
1582 1637
1582 1664
1582 1938
1583 1775
1584 1832
1585 1636
1585 1752
1585 1942
1585 1944
1585 1999
1586 1608
1587 1732
1587 1898
1589 1970
1590 1954
1591 1605
1591 1816
1591 1916
1592 1651
1592 1776
1593 1835
1593 1856
1593 1941
1595 1596
1595 1606
1595 1700
1596 1684
1598 1675
1599 1677
1599 1764
1599 1903
1599 1978
1600 1807
1600 1961
1601 1799
1601 1802
1601 1932
1601 1959
1602 1659
1603 1943
1604 1686
1604 1908
1605 1843
1606 1758
1608 1733
1608 1764
1608 1821
1608 1870
1609 1966
1610 1627
1610 1834
1611 1720
1611 1765
1611 1984
1612 1614
1612 1689
1613 1629
1613 1645
1614 1645
1614 1919
1616 1684
1616 1728
1616 1855
1616 1867
1616 1995
1617 1693
1617 1716
1617 1853
1617 1986
1618 1853
1619 1922
1620 1945
1620 1995
1621 1692
1621 1760
1621 1964
1622 1767
1622 1791
1624 1646
1624 1791
1624 1841
1625 1712
1625 1751
1625 1882
1625 1890
1625 1975
1626 1729
1627 1649
1627 1849
1628 1928
1629 1733
1629 1914
1631 1632
1632 1724
1632 1743
1632 1809
1634 1818
1634 1995
1635 1713
1636 1879
1636 1960
1637 1775
1638 1648
1638 1802
1638 1976
1639 1728
1639 1892
1639 1967
1640 1689
1640 1763
1640 1879
1640 1882
1640 1962
1641 1853
1641 1871
1641 1982
1642 1746
1642 1925
1643 1977
1644 1847
1644 1946
1645 1694
1645 1845
1646 1887
1646 1900
1647 1836
1647 1958
1648 1657
1648 1745
1648 1834
1648 1995
1650 1690
1651 1780
1651 1848
1651 1865
1652 1712
1652 1970
1653 1788
1653 1851
1654 1786
1654 1937
1655 1758
1655 1846
1655 1983
1656 1684
1656 1752
1656 1877
1656 1997
1658 1786
1658 1850
1658 1863
1659 1809
1660 1790
1661 1761
1661 1947
1661 1948
1662 1737
1662 1850
1662 1891
1662 1914
1663 1854
1664 1865
1665 1861
1665 1891
1666 1789
1667 1722
1670 1688
1670 1965
1672 1744
1672 1832
1672 1878
1672 1897
1673 1771
1673 1809
1674 1910
1674 1916
1677 1866
1677 1884
1677 1943
1678 1763
1678 1956
1679 1786
1679 1821
1681 1790
1681 1844
1681 1867
1681 1954
1682 1751
1683 1695
1683 1939
1683 1958
1685 1736
1685 1921
1685 1961
1686 1980
1687 1954
1688 1973
1689 1705
1689 1962
1691 1776
1691 1949
1692 1709
1692 1714
1692 1755
1692 1765
1693 1776
1693 1968
1695 1740
1696 1717
1696 1900
1697 1710
1697 1980
1698 1709
1698 1873
1698 1898
1700 1932
1700 1974
1702 1793
1702 1823
1702 1927
1702 1972
1704 1808
1705 1731
1705 1801
1705 1984
1707 1726
1707 1903
1708 1805
1708 1907
1710 1736
1710 1888
1711 1774
1711 1778
1711 1825
1712 1745
1712 1882
1713 1899
1713 1906
1714 1719
1714 1928
1715 1724
1715 1743
1717 1900
1719 1739
1721 1847
1721 1984
1723 1835
1723 1846
1723 1852
1723 1943
1724 1920
1724 1931
1725 1821
1727 1925
1728 1867
1729 1792
1729 1877
1729 1894
1729 1949
1730 1801
1730 1806
1730 1825
1730 1946
1731 1770
1731 1962
1732 1973
1733 1964
1734 1767
1734 1892
1734 1950
1734 1996
1737 1963
1738 1974
1739 1795
1740 1861
1740 1978
1741 1758
1741 1869
1741 1903
1742 1749
1742 1911
1742 1972
1743 1791
1744 1910
1745 1881
1746 1958
1747 1770
1747 1841
1747 1915
1748 1762
1748 1777
1749 1953
1750 1801
1750 1804
1750 1990
1751 1779
1751 1893
1751 1913
1753 1794
1754 1885
1754 1890
1755 1784
1757 1920
1761 1785
1761 1812
1761 1817
1761 1819
1761 1974
1763 1983
1764 1827
1764 1889
1764 1938
1765 1857
1765 1919
1765 1999
1766 1810
1767 1769
1768 1876
1769 1805
1771 1930
1772 1803
1772 1903
1772 1912
1773 1955
1774 1892
1775 1785
1776 1986
1777 1901
1777 1929
1778 1995
1779 1859
1779 1981
1779 1988
1780 1852
1781 1825
1781 1832
1781 1958
1783 1892
1783 1948
1784 1924
1784 1943
1784 1984
1785 1821
1788 1835
1788 1844
1788 1927
1789 1969
1790 1974
1792 1851
1794 1879
1794 1951
1794 1993
1795 1813
1795 1868
1795 1996
1796 1936
1798 1799
1798 1801
1801 1846
1801 1904
1803 1863
1806 1815
1807 1810
1808 1925
1809 1987
1810 1860
1810 1988
1814 1883
1814 1891
1816 1938
1816 1973
1816 1997
1819 1841
1819 1845
1820 1896
1822 1908
1822 1970
1823 1848
1825 1851
1825 1888
1826 1966
1827 1899
1829 1863
1830 1833
1830 1911
1830 1914
1830 1929
1835 1967
1835 1971
1835 1975
1836 1968
1836 1980
1837 1898
1840 1949
1840 1978
1841 1849
1843 1851
1843 1885
1844 1952
1845 1886
1845 1937
1848 1893
1850 1926
1851 1853
1852 1889
1854 1968
1855 1944
1855 1975
1856 1989
1857 1987
1858 1886
1858 1981
1859 1902
1862 1928
1867 1970
1867 1974
1871 1915
1872 1939
1872 1964
1873 1938
1875 1921
1875 1980
1876 1926
1876 1944
1877 1976
1880 1987
1883 1998
1886 1989
1887 1945
1887 1963
1889 1952
1892 1923
1892 1969
1892 1991
1893 1926
1895 1978
1897 1951
1899 1911
1901 1907
1901 1931
1903 1950
1905 1920
1906 1934
1908 1992
1914 1943
1917 1952
1917 1972
1917 1981
1920 1938
1921 1983
1925 1930
1926 1947
1930 1935
1936 1985
1945 1994
1949 1970
1951 1985
