0 97
0 481
0 586
0 1197
0 1250
0 1491
0 1510
0 1574
0 1597
0 1718
0 1860
1 83
1 266
1 493
1 768
1 1143
1 1468
2 698
2 716
2 769
2 937
2 949
2 958
2 1040
2 1108
2 1413
2 1698
2 1823
2 1837
2 1937
2 1960
3 203
3 353
3 526
3 1149
3 1166
3 1259
3 1273
3 1357
3 1393
3 1495
3 1766
3 1948
4 219
4 448
4 593
4 657
4 1306
4 1495
4 1907
5 93
5 136
5 853
5 1051
5 1105
5 1384
5 1644
5 1724
6 192
6 306
6 721
6 1272
6 1363
6 1514
6 1631
6 1847
6 1867
6 1919
7 146
7 229
7 440
7 553
7 648
7 698
7 712
7 894
7 906
7 1011
7 1673
7 1705
7 1982
8 725
8 733
8 1348
8 1418
8 1764
8 1786
9 62
9 114
9 192
9 202
9 625
9 976
9 1192
9 1338
9 1497
9 1542
9 1949
10 216
10 598
10 1006
10 1073
10 1241
10 1538
10 1605
10 1742
10 1801
10 1874
10 1935
11 57
11 840
11 1282
11 1447
11 1712
11 1945
12 461
12 843
12 913
12 968
12 999
12 1120
12 1154
12 1268
12 1666
12 1859
13 173
13 553
13 916
13 1025
13 1056
13 1087
13 1178
13 1216
13 1252
13 1459
13 1512
13 1608
13 1701
13 1815
13 1817
13 1834
13 1854
13 1916
14 423
14 791
14 986
14 1187
14 1245
14 1255
14 1275
14 1437
14 1445
14 1507
14 1553
14 1578
15 565
15 666
15 769
15 947
15 1317
15 1411
15 1693
15 1769
16 193
16 211
16 392
16 462
16 1053
16 1089
16 1278
17 481
17 1035
17 1153
17 1563
17 1798
17 1977
17 1994
18 27
18 40
18 766
18 1136
18 1968
19 46
19 99
19 447
19 508
19 732
19 745
19 924
19 1106
19 1157
19 1371
19 1448
19 1586
19 1723
19 1781
19 1899
20 407
20 455
20 488
20 1335
20 1445
20 1534
20 1703
20 1887
21 85
21 114
21 125
21 173
21 187
21 355
21 381
21 678
21 813
21 983
21 1124
21 1249
21 1370
21 1550
21 1685
21 1701
21 1834
21 1919
21 1996
22 385
22 422
22 1008
22 1226
22 1338
22 1383
22 1441
22 1448
22 1733
22 1954
23 290
23 496
23 961
23 1573
23 1647
23 1661
23 1954
24 79
24 213
24 358
24 558
24 802
24 803
24 1023
24 1060
24 1325
24 1911
24 1982
25 390
25 510
25 540
25 835
25 853
25 1144
25 1525
26 146
26 216
26 886
26 947
26 1158
26 1246
26 1366
26 1641
26 1751
27 249
27 376
27 554
27 936
27 1087
27 1276
27 1770
27 1922
28 920
28 945
28 1093
28 1474
28 1502
28 1524
28 1609
29 227
29 248
29 818
29 1129
29 1428
29 1516
29 1750
29 1792
29 1942
30 181
30 290
30 341
30 427
30 1561
30 1703
30 1911
30 1913
30 1950
31 84
31 182
31 225
31 318
31 495
31 589
31 901
31 994
31 1149
31 1604
31 1779
31 1821
31 1926
32 111
32 500
32 533
32 709
32 950
32 1041
32 1701
32 1702
32 1962
32 1987
33 174
33 587
33 590
33 1377
33 1513
33 1715
34 75
34 133
34 261
34 666
34 1362
34 1455
34 1556
34 1557
34 1942
35 156
35 333
35 551
35 557
35 919
35 920
35 1073
35 1314
35 1584
36 169
36 341
36 625
36 692
36 1034
36 1040
36 1065
36 1124
36 1286
36 1525
37 312
37 445
37 549
37 623
37 650
37 1270
37 1317
37 1348
37 1428
37 1595
37 1747
37 1879
38 219
38 224
38 459
38 616
38 898
38 1082
38 1202
38 1531
39 656
39 748
39 870
39 922
39 973
39 1093
39 1448
39 1837
40 187
40 722
40 1254
40 1383
40 1440
40 1631
40 1754
40 1772
40 1877
40 1908
40 1989
41 352
41 1221
41 1896
41 1992
42 79
42 108
42 297
42 320
42 368
42 508
42 827
42 1059
42 1408
42 1612
42 1677
42 1814
43 219
43 654
43 846
43 950
43 1454
43 1506
43 1647
44 412
44 487
44 524
44 888
44 954
44 1268
44 1286
44 1912
45 167
45 520
45 703
45 1009
45 1236
45 1285
45 1331
45 1434
45 1447
45 1486
45 1950
46 327
46 346
46 392
46 722
46 961
46 983
46 1386
46 1436
47 288
47 333
47 553
47 852
47 924
47 1073
47 1098
47 1319
48 102
48 245
48 338
48 353
48 558
48 1069
48 1388
48 1623
48 1719
48 1785
48 1930
49 110
49 612
49 626
49 827
49 968
49 1135
50 87
50 189
50 304
50 472
50 808
50 814
50 832
50 953
50 979
50 985
50 1134
50 1408
50 1442
50 1473
50 1549
50 1632
50 1848
51 94
51 181
51 340
51 461
51 845
51 948
51 1685
51 1811
52 153
52 451
52 471
52 574
52 604
52 861
52 1346
52 1358
52 1611
52 1716
52 1768
52 1833
52 1906
53 198
53 529
53 1034
53 1061
53 1077
53 1269
53 1282
53 1331
53 1421
53 1510
53 1687
53 1769
53 1976
54 552
54 667
54 815
54 1515
54 1567
54 1762
54 1892
54 1913
54 1997
55 515
55 660
55 1081
55 1619
55 1664
55 1742
55 1828
56 71
56 474
56 513
56 790
56 981
56 1238
56 1271
56 1556
56 1725
57 202
57 238
57 254
57 845
57 977
57 1040
57 1063
57 1252
57 1424
57 1514
57 1945
58 184
58 628
58 676
58 966
58 1041
58 1193
58 1195
58 1290
58 1376
58 1467
58 1598
58 1608
58 1641
58 1675
58 1721
58 1825
58 1831
59 436
59 1086
59 1110
59 1839
59 1864
60 153
60 219
60 245
60 359
60 475
60 635
60 1001
60 1240
60 1267
61 762
61 877
61 1745
61 1974
62 215
62 628
62 689
62 1203
62 1472
62 1875
62 1980
63 84
63 265
63 271
63 360
63 549
63 1102
63 1182
63 1247
63 1315
63 1374
63 1812
63 1863
63 1926
64 349
64 355
64 432
64 478
64 757
64 818
64 1255
64 1320
64 1451
64 1521
64 1878
65 198
65 207
65 353
65 398
65 1171
65 1178
65 1248
65 1584
65 1712
65 1936
66 145
66 168
66 339
66 382
66 439
66 662
66 821
66 936
66 1044
66 1087
66 1139
66 1195
66 1270
66 1462
66 1551
66 1615
66 1654
67 136
67 572
67 681
67 747
67 753
67 755
67 865
67 1101
67 1252
67 1335
67 1414
67 1427
67 1600
67 1601
67 1866
67 1906
68 1004
68 1079
68 1465
68 1489
69 124
69 325
69 682
69 1316
70 269
70 270
70 324
70 460
70 499
70 583
70 807
70 943
70 949
70 1027
70 1304
70 1571
70 1581
70 1590
70 1722
71 133
71 168
71 330
71 578
71 944
71 1411
71 1612
71 1729
71 1941
72 211
72 495
72 709
72 1046
72 1218
72 1374
72 1750
72 1824
72 1931
73 101
73 187
73 363
73 542
73 752
73 773
73 815
73 988
73 1036
73 1057
73 1494
73 1721
73 1779
74 114
74 258
74 1150
74 1207
74 1370
74 1601
74 1819
74 1859
75 277
75 342
75 689
75 909
75 1217
75 1246
75 1266
75 1459
75 1463
75 1490
75 1605
75 1844
75 1980
76 117
76 417
76 546
76 1008
77 579
77 1212
77 1325
77 1566
77 1657
77 1760
77 1905
78 180
78 191
78 230
78 279
78 388
78 478
78 509
78 805
78 1602
79 116
79 293
79 420
79 421
79 601
79 762
79 774
79 803
79 997
79 1024
79 1255
79 1906
80 325
80 329
80 387
80 563
80 769
80 891
80 957
80 994
80 1914
80 1951
80 1978
81 134
81 203
81 218
81 486
81 531
81 578
81 712
81 915
81 1585
81 1677
81 1958
82 416
82 656
82 1389
82 1581
82 1632
83 315
83 457
83 704
83 1117
83 1992
84 309
84 311
84 372
84 560
84 634
84 1018
84 1053
84 1615
84 1958
84 1970
85 149
85 385
85 633
85 941
85 1211
85 1364
85 1545
86 168
86 211
86 323
86 513
86 558
86 642
86 781
86 922
86 1085
86 1215
86 1216
86 1322
86 1416
86 1601
86 1612
86 1693
86 1808
86 1964
86 1975
87 221
87 613
87 1016
87 1094
87 1195
87 1588
87 1974
88 265
88 662
88 726
88 735
88 806
88 1211
88 1224
88 1282
88 1674
89 528
89 647
89 652
89 1014
89 1074
89 1133
89 1418
89 1475
89 1877
90 102
90 121
90 151
90 156
90 219
90 413
90 458
90 610
90 774
90 815
90 829
90 1165
90 1244
90 1267
90 1835
91 985
91 1001
91 1265
91 1458
91 1495
91 1518
91 1779
91 1868
92 336
92 545
92 639
92 1269
92 1571
92 1821
92 1893
93 120
93 146
93 198
93 273
93 378
93 418
93 512
93 654
93 691
93 701
93 853
93 1044
93 1224
93 1253
93 1322
93 1340
93 1510
93 1551
93 1814
93 1838
93 1977
94 228
94 262
94 286
94 694
94 820
94 849
94 920
94 996
94 1286
94 1834
95 143
95 1015
95 1065
95 1243
95 1753
95 1878
96 204
96 255
96 473
96 486
96 557
96 635
96 943
96 949
96 1056
96 1902
97 571
97 583
97 933
97 1035
97 1508
97 1972
98 222
98 327
98 490
98 660
98 985
98 1045
98 1216
98 1323
98 1369
98 1484
98 1833
98 1895
99 263
99 385
99 496
99 1418
99 1590
99 1962
100 856
100 1054
100 1213
100 1285
100 1455
100 1568
100 1802
100 1826
100 1957
100 1960
101 246
101 1046
101 1121
101 1280
101 1653
101 1913
102 305
102 316
102 483
102 833
102 1018
102 1031
102 1040
102 1204
102 1317
102 1518
102 1704
103 549
103 654
103 749
103 773
103 803
103 825
103 868
103 1364
103 1681
103 1687
103 1972
104 130
104 385
104 452
104 683
104 875
104 951
104 1002
104 1071
104 1118
104 1512
104 1786
104 1807
105 783
105 1019
105 1254
105 1442
105 1510
105 1728
105 1745
105 1795
105 1830
106 247
106 279
106 526
106 738
106 838
106 1109
106 1360
106 1376
106 1727
107 399
107 497
107 868
107 1163
107 1297
107 1411
107 1514
107 1604
107 1629
107 1645
107 1783
107 1954
107 1959
108 129
108 268
108 544
108 760
108 807
108 923
108 997
108 1052
108 1097
108 1106
108 1323
108 1357
108 1628
109 139
109 698
109 984
109 1351
109 1522
109 1677
109 1852
109 1944
110 353
110 477
110 736
110 842
110 847
110 872
110 1108
110 1147
110 1466
111 169
111 801
111 1137
111 1989
112 117
112 357
112 383
112 475
112 680
112 1906
113 265
113 493
113 711
113 767
113 828
113 932
113 1127
113 1364
113 1381
113 1428
113 1702
113 1797
113 1811
113 1961
114 739
114 1067
114 1264
114 1462
114 1803
114 1943
115 358
115 897
115 898
115 1020
115 1302
115 1347
115 1452
115 1544
115 1642
116 365
116 812
116 818
116 860
116 1031
116 1090
116 1099
116 1257
116 1608
116 1828
116 1978
117 327
117 527
117 635
117 681
117 932
117 1257
117 1401
117 1771
117 1849
117 1985
118 135
118 266
118 631
118 867
118 932
118 1010
118 1149
118 1943
119 204
119 266
119 354
119 432
119 1011
119 1569
119 1626
120 264
120 431
120 1134
120 1234
120 1828
121 148
121 154
121 221
121 335
121 424
121 728
121 953
121 1097
121 1312
121 1639
121 1657
122 248
122 534
122 670
122 711
122 755
122 759
122 889
122 1063
122 1179
122 1519
122 1594
122 1879
122 1957
122 1974
123 215
123 408
123 410
123 464
123 639
123 1117
123 1185
123 1205
123 1560
123 1692
124 631
124 696
124 697
124 730
124 749
124 910
124 1431
124 1540
124 1601
124 1675
124 1852
124 1891
124 1912
125 261
125 304
125 378
125 521
125 777
125 1013
125 1156
125 1319
125 1376
125 1431
125 1525
125 1845
125 1959
126 185
126 310
126 540
126 676
126 731
126 785
126 1214
126 1522
126 1595
126 1677
126 1695
127 274
127 304
127 351
127 393
127 505
127 1012
127 1328
127 1894
127 1936
128 311
128 363
128 545
128 568
128 622
128 695
128 1409
128 1528
128 1611
128 1699
128 1700
128 1877
129 144
129 378
129 384
129 1176
129 1383
129 1793
129 1848
129 1898
130 506
130 515
130 566
130 579
130 627
130 731
130 1361
130 1810
131 376
131 488
131 592
131 1022
131 1195
131 1866
131 1914
131 1970
132 160
132 187
132 767
132 1147
132 1342
132 1402
132 1420
132 1591
132 1661
133 383
133 400
133 402
133 621
133 1059
133 1502
133 1532
133 1671
133 1872
133 1910
134 220
134 353
134 416
134 417
134 487
134 490
134 679
134 810
134 916
134 1229
134 1271
134 1449
134 1536
135 223
135 1336
135 1632
135 1733
136 182
136 501
136 611
136 754
136 844
136 1110
136 1262
136 1291
136 1338
136 1420
136 1551
136 1795
136 1988
137 188
137 509
137 524
137 587
137 714
137 720
137 888
137 976
137 984
137 1195
137 1207
137 1297
137 1525
137 1532
137 1577
137 1690
137 1798
137 1976
138 276
138 355
138 477
138 490
138 959
138 970
138 1048
138 1196
138 1681
138 1944
139 209
139 410
139 504
139 593
139 766
139 821
139 1528
139 1619
139 1736
139 1835
140 207
140 289
140 627
140 810
140 866
140 981
140 1222
140 1224
140 1507
140 1599
140 1768
140 1888
140 1932
141 214
141 259
141 890
141 960
141 1005
141 1186
141 1432
142 368
142 624
142 1202
142 1283
142 1348
142 1455
142 1611
142 1613
142 1661
142 1806
142 1845
143 166
143 205
143 247
143 820
143 1015
143 1017
143 1440
143 1513
143 1534
143 1717
143 1748
143 1915
144 245
144 268
144 508
144 584
144 586
144 857
144 1021
144 1198
144 1452
144 1460
144 1583
144 1705
144 1930
145 269
145 318
145 426
145 495
145 646
145 730
145 907
145 1275
145 1628
145 1651
145 1772
146 202
146 233
146 470
146 568
146 822
146 866
146 868
146 1184
146 1227
146 1306
146 1364
146 1586
146 1908
147 501
147 530
147 756
147 762
147 1361
147 1362
147 1668
148 196
148 198
148 220
148 611
148 624
148 1165
148 1184
148 1226
148 1268
148 1372
148 1400
148 1462
148 1544
148 1768
148 1771
148 1772
149 201
149 556
149 771
149 860
149 1009
149 1014
149 1390
149 1837
149 1987
150 158
150 354
150 355
150 376
150 477
150 1071
150 1507
150 1832
150 1849
150 1904
151 198
151 344
151 424
151 463
151 744
151 1104
151 1348
151 1611
151 1619
151 1716
151 1721
151 1881
152 477
152 1154
152 1168
152 1210
152 1513
152 1685
152 1904
153 337
153 1356
153 1372
153 1387
153 1593
153 1853
153 1954
153 1986
154 334
154 342
154 397
154 782
154 1063
154 1470
154 1499
154 1579
154 1745
154 1859
155 247
155 355
155 714
155 827
155 1161
155 1399
155 1497
155 1846
156 330
156 1102
156 1153
156 1225
156 1252
156 1424
156 1585
156 1987
157 195
157 307
157 650
157 822
157 868
157 908
157 1015
157 1239
157 1456
157 1815
158 352
158 446
158 553
158 711
158 865
158 904
158 1073
158 1088
158 1113
158 1165
158 1277
158 1313
158 1649
158 1655
158 1818
159 496
159 616
159 673
159 709
159 1046
159 1085
159 1631
159 1712
159 1719
159 1797
160 967
160 1137
160 1155
160 1304
160 1531
160 1926
161 415
161 683
161 744
161 751
161 863
161 878
161 1026
161 1349
161 1632
161 1788
162 222
162 516
162 561
162 723
162 1042
162 1055
162 1300
162 1356
162 1507
162 1628
162 1920
163 295
163 531
163 621
163 779
163 781
163 995
163 1188
163 1320
163 1405
163 1631
163 1771
164 618
164 808
164 965
164 1080
164 1172
164 1353
164 1557
165 187
165 246
165 483
165 526
165 532
165 837
165 1005
165 1110
165 1228
165 1360
165 1733
165 1931
165 1998
166 312
166 491
166 515
166 524
166 975
166 1588
166 1633
167 427
167 837
167 1076
167 1077
167 1154
167 1251
167 1314
167 1334
167 1508
167 1789
168 301
168 462
168 546
168 803
168 1001
168 1014
168 1019
168 1135
168 1266
168 1277
168 1302
168 1321
168 1347
168 1851
169 204
169 692
169 779
169 849
169 891
169 910
169 1161
169 1464
169 1505
169 1979
170 1658
170 1758
170 1765
170 1887
171 510
171 611
171 635
171 1497
171 1572
172 210
172 224
172 557
172 927
172 1124
172 1317
172 1397
172 1428
172 1435
172 1601
172 1873
172 1966
173 554
173 583
173 654
173 1254
173 1382
173 1625
173 1874
173 1895
174 315
174 350
174 506
174 1285
174 1602
174 1853
175 220
175 853
175 1450
175 1941
176 433
176 538
176 550
176 753
176 913
176 946
176 1158
176 1852
177 213
177 250
177 293
177 456
177 784
177 1068
177 1390
177 1917
177 1946
177 1994
178 339
178 388
178 728
178 870
178 1046
178 1104
178 1434
178 1465
178 1775
178 1806
178 1819
179 692
179 707
179 1595
180 184
180 1074
180 1175
180 1295
180 1548
180 1720
180 1832
180 1915
181 264
181 383
181 1063
181 1191
181 1628
181 1716
181 1819
181 1844
182 215
182 582
182 653
182 773
182 784
182 869
182 1146
182 1236
182 1595
182 1966
183 434
183 436
183 529
183 576
183 611
183 668
183 856
183 1195
183 1296
183 1455
183 1569
183 1709
183 1871
183 1968
184 260
184 483
184 575
184 722
184 796
184 917
184 1043
184 1130
184 1224
184 1350
184 1357
184 1365
184 1621
184 1693
184 1810
184 1970
185 779
185 838
185 1059
185 1141
185 1323
185 1664
185 1905
186 610
186 637
186 687
186 736
186 943
186 1187
186 1597
187 380
187 417
187 858
187 945
187 1537
187 1554
187 1579
187 1581
187 1797
187 1899
187 1928
188 474
188 784
188 818
188 982
188 1318
188 1388
188 1421
188 1509
188 1866
188 1884
189 532
189 539
189 1014
189 1214
189 1332
189 1337
189 1375
189 1420
189 1815
189 1924
190 597
190 844
190 957
190 1090
190 1266
190 1379
190 1414
191 366
191 543
191 992
191 1043
191 1217
191 1296
191 1341
191 1831
191 1838
191 1889
192 297
192 440
192 567
192 594
192 619
192 780
192 818
192 834
192 882
192 1112
192 1120
192 1179
192 1223
192 1239
192 1497
192 1552
192 1711
192 1733
192 1808
192 1959
193 255
193 263
193 502
193 592
193 638
193 676
193 745
193 849
193 910
193 917
193 1044
193 1057
193 1210
193 1317
193 1323
193 1766
193 1958
194 251
194 392
194 652
194 724
194 1159
194 1197
194 1303
194 1598
194 1740
195 211
195 669
195 1392
196 214
196 516
196 561
196 576
196 967
196 1510
196 1626
196 1995
197 639
197 1231
197 1258
197 1306
197 1312
197 1422
197 1558
197 1622
197 1689
197 1757
197 1958
198 361
198 487
198 1136
198 1139
198 1260
198 1262
198 1299
198 1389
198 1437
198 1440
198 1528
198 1612
198 1883
199 437
199 515
199 642
199 662
199 883
199 1128
199 1947
200 379
200 537
200 747
200 766
200 814
200 1094
200 1515
200 1681
201 539
201 612
201 894
201 1247
201 1262
201 1336
201 1382
201 1646
201 1662
201 1715
201 1959
202 405
202 515
202 751
202 803
202 1151
202 1449
202 1528
203 359
203 374
203 511
203 550
203 612
203 627
203 746
203 863
203 1082
203 1208
203 1883
203 1885
203 1909
204 260
204 292
204 318
204 570
204 690
204 783
204 784
204 807
204 1317
204 1373
204 1619
205 310
205 609
205 817
205 848
205 1065
205 1184
205 1447
205 1608
206 369
206 500
206 722
206 814
206 832
206 1051
206 1186
206 1246
206 1472
206 1546
207 243
207 294
207 364
207 877
207 898
207 949
207 1019
207 1224
207 1761
208 357
208 1315
208 1319
208 1472
208 1542
208 1543
208 1641
208 1954
209 295
209 435
209 524
209 587
209 953
209 1037
209 1135
209 1217
209 1456
210 744
210 815
210 873
210 983
210 1168
210 1278
210 1439
210 1444
210 1449
210 1460
210 1958
211 302
211 874
211 1174
211 1885
211 1954
211 1985
212 271
212 277
212 389
212 495
212 832
212 1079
212 1476
212 1630
212 1775
212 1910
213 368
213 584
213 947
213 1123
213 1144
213 1356
213 1436
213 1584
213 1767
213 1797
214 224
214 242
214 448
214 705
214 939
214 1070
214 1217
214 1334
214 1620
214 1911
215 671
215 705
215 1248
215 1684
215 1873
216 312
216 326
216 801
216 1102
216 1345
216 1429
217 264
217 414
217 616
217 628
217 820
217 907
217 1570
217 1705
218 383
218 657
218 796
218 982
218 1451
218 1464
218 1648
218 1866
218 1967
219 831
219 886
219 1058
219 1144
219 1180
219 1282
219 1534
220 241
220 286
220 511
220 681
220 1292
220 1295
220 1476
220 1590
220 1831
221 447
221 576
221 707
221 1262
221 1355
221 1359
221 1381
222 267
222 446
222 475
222 578
222 1024
222 1146
222 1713
222 1722
222 1968
223 515
223 844
223 1154
223 1327
223 1391
223 1400
223 1586
224 496
224 779
224 836
224 1108
224 1136
224 1479
224 1551
224 1603
224 1615
224 1733
224 1743
225 309
225 380
225 412
225 705
225 730
225 1283
225 1624
225 1705
226 308
226 456
226 555
226 608
226 1036
226 1072
226 1522
226 1598
227 319
227 414
227 468
227 1058
227 1154
227 1173
227 1326
227 1407
227 1751
228 497
228 706
228 837
228 1319
228 1409
228 1916
228 1917
229 513
229 807
229 1225
229 1808
230 403
230 472
230 560
230 657
230 661
230 763
230 1812
230 1877
231 351
231 383
231 409
231 428
231 432
231 557
231 636
231 901
231 1299
231 1397
231 1661
231 1664
231 1834
232 417
232 458
232 573
232 785
232 1112
232 1358
232 1448
232 1656
232 1697
233 337
233 891
233 968
233 1485
233 1680
234 296
234 645
234 677
234 811
234 1009
234 1363
234 1519
234 1610
234 1740
235 360
235 434
235 678
235 776
235 901
235 950
235 1018
235 1149
235 1645
236 681
236 833
236 920
236 929
236 955
236 1551
236 1727
236 1891
237 388
237 404
237 494
237 567
237 930
237 1313
237 1321
237 1437
237 1982
237 1987
238 273
238 313
238 460
238 570
238 685
238 714
238 893
238 1045
238 1134
238 1288
238 1414
238 1643
238 1679
238 1894
239 248
239 347
239 379
239 527
239 539
239 668
239 777
239 951
239 977
239 979
239 1380
239 1758
239 1831
239 1967
239 1982
240 752
240 891
240 1611
240 1772
240 1870
241 498
241 620
241 657
241 814
241 839
241 985
241 1304
241 1860
241 1991
242 296
242 432
242 760
242 1099
242 1197
242 1286
242 1440
242 1925
242 1988
243 289
243 556
243 1177
243 1364
243 1443
243 1479
243 1726
243 1788
244 350
244 435
244 460
244 544
244 739
244 835
244 1071
244 1125
244 1141
244 1148
244 1777
245 326
245 458
245 560
245 728
245 917
245 1136
245 1225
245 1437
245 1524
245 1570
245 1653
245 1944
246 1172
246 1493
246 1916
246 1989
247 1024
247 1385
247 1511
247 1734
247 1773
247 1784
247 1943
248 313
248 610
248 694
248 880
248 910
248 1047
248 1232
248 1362
248 1508
248 1892
249 425
249 515
249 671
249 862
249 924
249 1013
249 1409
249 1435
249 1538
249 1982
250 276
250 349
250 463
250 533
250 917
250 1070
250 1578
250 1734
250 1868
250 1918
250 1949
251 272
251 557
251 704
251 926
251 1097
251 1148
251 1190
251 1455
251 1805
252 339
252 405
252 421
252 511
252 555
252 1101
252 1178
252 1388
252 1451
252 1766
253 299
253 788
253 922
253 1045
253 1059
253 1736
254 284
254 605
254 679
254 701
254 719
254 740
254 915
254 1213
254 1582
254 1918
254 1929
255 379
255 410
255 691
255 814
255 1162
255 1880
256 344
256 363
256 556
256 782
256 858
256 896
256 913
256 1199
256 1297
256 1315
256 1579
257 267
257 291
257 434
257 554
257 701
257 964
257 1287
257 1318
257 1350
257 1457
257 1836
257 1867
257 1886
257 1944
257 1954
258 684
258 748
258 1095
258 1203
258 1449
258 1806
259 753
259 820
259 855
259 1141
259 1172
259 1312
259 1533
260 450
260 455
260 547
260 1139
260 1218
260 1280
260 1476
260 1624
261 800
261 1681
261 1721
261 1893
261 1930
261 1934
262 423
262 822
262 927
262 928
262 1118
262 1822
263 274
263 382
263 427
263 714
263 753
263 1041
263 1175
263 1412
263 1769
264 355
264 410
264 765
264 839
264 1382
264 1828
264 1901
264 1990
265 528
265 682
265 782
265 964
265 991
265 1545
265 1707
265 1783
266 656
266 701
266 1258
266 1349
266 1396
267 320
267 610
267 702
267 786
267 1010
267 1891
267 1964
268 998
268 1219
268 1304
268 1490
269 358
269 393
269 451
269 673
269 780
269 949
269 1025
269 1152
269 1376
269 1459
269 1466
269 1631
269 1836
269 1850
269 1997
270 971
270 1307
270 1388
270 1473
270 1634
270 1864
271 402
271 417
271 621
271 844
271 960
271 997
271 1087
271 1173
271 1189
271 1567
271 1874
271 1881
272 435
272 497
272 1463
272 1566
272 1694
273 506
273 511
273 538
273 824
273 958
273 1130
273 1313
273 1618
273 1878
273 1979
273 1997
274 281
274 651
274 728
274 753
274 797
274 813
274 1258
274 1628
274 1960
275 413
275 585
275 807
275 1125
276 519
276 584
276 711
276 904
276 1091
276 1293
276 1739
276 1768
276 1776
277 482
277 535
277 1582
277 1989
278 729
278 793
278 829
278 860
278 1450
278 1575
278 1823
279 293
279 503
279 1103
279 1197
279 1410
279 1438
279 1485
279 1923
280 464
280 525
280 719
280 1068
280 1120
280 1960
281 458
281 488
281 511
281 692
281 830
281 1593
281 1636
281 1641
281 1813
282 684
282 887
282 1226
282 1268
282 1368
282 1417
283 357
283 544
283 974
283 1116
283 1349
283 1572
283 1597
283 1983
284 444
284 582
284 793
284 1220
284 1384
284 1398
284 1431
284 1517
284 1533
284 1722
284 1904
284 1962
285 588
285 760
285 764
285 935
285 1108
285 1381
285 1748
285 1829
285 1880
286 295
286 480
286 665
286 682
286 710
286 1158
286 1652
286 1739
286 1854
287 355
287 433
287 647
287 670
287 810
287 844
287 905
287 999
287 1332
287 1339
287 1865
288 400
288 640
288 712
288 1141
288 1142
288 1225
288 1417
288 1501
288 1537
288 1697
288 1732
288 1860
288 1917
288 1923
289 350
289 495
289 1005
289 1353
289 1612
289 1664
290 649
290 882
290 1409
290 1679
290 1700
290 1751
290 1822
291 456
291 506
291 626
291 759
291 875
291 1258
291 1411
291 1847
292 356
292 678
292 704
292 744
292 899
292 910
292 1058
292 1061
292 1285
292 1303
292 1415
292 1481
292 1496
292 1667
292 1680
292 1757
292 1906
293 296
293 416
293 606
293 727
293 859
293 1062
293 1100
293 1143
293 1238
293 1283
293 1463
293 1723
294 296
294 686
294 901
294 1144
294 1442
294 1470
294 1930
295 461
295 836
295 992
295 1066
295 1459
295 1632
295 1674
295 1693
295 1903
295 1935
295 1968
296 298
296 318
296 345
296 403
296 689
296 1239
296 1614
297 565
297 728
297 749
297 962
297 981
297 1364
297 1377
297 1722
297 1989
298 301
298 373
298 602
298 661
298 1135
299 366
299 416
299 536
299 800
299 1015
299 1065
299 1191
299 1333
299 1641
299 1654
299 1997
300 308
300 391
300 430
300 877
300 1173
301 478
301 681
301 1466
301 1492
301 1754
302 465
302 777
302 822
302 1002
302 1024
302 1267
302 1291
302 1610
302 1952
303 522
303 585
303 635
303 861
303 1014
303 1276
303 1569
303 1681
303 1957
304 523
304 608
304 623
304 734
304 979
304 987
304 1145
304 1214
304 1262
304 1576
304 1581
304 1709
305 416
305 627
305 954
305 1166
305 1799
305 1870
306 380
306 410
306 1112
306 1171
306 1417
306 1978
307 707
307 849
307 1119
307 1244
307 1576
307 1623
307 1946
307 1982
308 451
308 548
308 615
308 661
308 664
308 740
308 874
308 944
308 1332
308 1535
309 438
309 550
309 804
309 826
309 875
309 882
309 950
309 958
309 1050
309 1093
309 1160
309 1445
309 1748
309 1856
310 380
310 816
310 940
310 1088
310 1150
310 1204
310 1495
310 1735
310 1973
311 312
311 729
311 743
311 1126
311 1399
311 1637
312 367
312 419
312 1096
312 1871
312 1929
313 656
313 775
313 982
313 1006
313 1047
313 1221
313 1541
313 1672
313 1883
313 1970
314 447
314 501
314 564
314 645
314 780
314 855
314 976
314 1089
314 1131
314 1810
314 1835
314 1854
314 1867
314 1995
315 584
315 1071
315 1213
315 1358
315 1415
315 1972
316 463
316 596
316 1197
316 1321
316 1484
317 475
317 772
317 1056
317 1251
317 1469
317 1642
317 1728
317 1814
318 471
318 529
318 550
318 921
318 1437
318 1644
319 797
319 866
319 1024
319 1039
319 1068
319 1227
319 1516
319 1525
319 1575
319 1681
319 1783
319 1807
320 776
320 790
320 1170
320 1332
320 1438
320 1653
320 1994
321 701
321 745
321 750
321 866
321 1137
321 1557
321 1610
321 1656
321 1755
322 626
322 712
322 766
322 995
322 1170
322 1186
322 1331
322 1512
322 1595
322 1637
322 1666
323 444
323 1019
323 1212
323 1313
324 350
324 482
324 767
324 983
324 1460
324 1463
324 1497
324 1736
324 1864
324 1975
325 797
325 1181
325 1441
325 1854
325 1882
326 369
326 405
326 582
326 1038
326 1170
326 1703
326 1959
326 1980
327 341
327 484
327 582
327 664
327 687
327 741
327 854
327 925
327 1117
327 1230
327 1447
327 1515
327 1769
327 1799
328 335
328 355
328 646
328 794
328 910
328 956
328 1647
328 1880
328 1925
329 347
329 571
329 597
329 734
329 735
329 805
329 846
329 892
329 1207
329 1229
329 1435
329 1559
329 1831
329 1916
330 454
330 498
330 526
330 614
330 749
330 762
330 843
330 958
330 1204
330 1391
330 1733
330 1773
330 1794
331 359
331 658
331 681
331 1202
331 1232
331 1825
332 540
332 909
332 1633
332 1747
333 796
333 909
333 1297
333 1302
333 1343
333 1752
333 1813
334 549
334 683
334 877
334 900
334 1148
334 1291
334 1470
334 1716
334 1896
335 379
335 412
335 631
335 986
335 1034
335 1042
335 1291
335 1438
335 1506
335 1705
335 1737
335 1919
335 1981
336 435
336 479
336 588
336 939
336 1305
336 1324
336 1430
336 1786
336 1937
337 449
337 703
337 718
337 1205
337 1274
337 1396
338 395
338 880
338 1040
338 1145
338 1252
338 1401
338 1802
338 1906
339 655
339 683
339 730
339 839
339 926
339 1055
339 1064
339 1147
339 1470
339 1641
339 1649
339 1879
339 1924
340 508
340 658
340 857
340 1437
340 1840
340 1850
341 1147
341 1390
341 1427
341 1472
342 376
342 451
342 604
342 877
342 960
342 1277
342 1290
343 947
343 1126
343 1161
343 1318
343 1454
343 1597
343 1993
344 568
344 974
344 1280
344 1353
344 1473
345 471
345 598
345 693
345 767
345 793
345 851
345 1002
345 1430
345 1449
345 1620
345 1743
345 1774
346 613
346 622
346 794
346 834
346 1028
346 1367
346 1394
346 1463
346 1605
346 1639
346 1756
346 1793
347 497
347 772
347 1193
347 1540
347 1635
347 1710
347 1791
347 1923
348 469
348 652
348 1462
348 1622
348 1902
349 351
349 576
349 620
349 760
349 764
349 833
349 1326
349 1412
349 1708
350 491
350 562
350 833
350 952
350 1041
350 1093
350 1097
350 1392
350 1439
350 1537
351 416
351 532
351 677
351 739
351 761
351 882
351 913
351 1061
351 1473
351 1483
351 1676
352 417
352 553
352 656
352 697
352 788
352 831
352 902
352 937
352 1665
352 1788
352 1902
353 360
353 519
353 678
353 730
353 1004
353 1018
353 1298
353 1510
353 1533
353 1708
353 1730
353 1803
353 1994
354 524
354 1180
354 1253
354 1380
354 1381
355 762
355 895
355 923
355 1002
355 1459
355 1665
356 466
356 704
356 1070
356 1143
356 1189
356 1315
356 1331
356 1558
356 1575
356 1772
357 544
357 560
357 770
357 941
357 1199
357 1274
357 1776
358 466
358 530
358 736
358 1081
358 1393
358 1429
358 1551
358 1773
358 1829
358 1958
359 479
359 760
359 763
359 1035
359 1438
359 1513
359 1652
359 1704
359 1762
359 1900
360 434
360 784
360 1106
360 1140
360 1167
360 1267
360 1380
360 1727
360 1795
361 465
361 621
361 899
361 1216
361 1342
361 1564
361 1599
361 1603
361 1632
361 1887
361 1913
362 508
362 791
362 1084
362 1453
362 1616
362 1652
362 1881
363 767
363 788
363 913
363 919
363 988
363 1028
363 1477
363 1914
364 453
364 477
364 526
364 665
364 695
364 852
364 916
364 931
364 936
364 1151
364 1263
364 1601
364 1636
365 893
365 981
365 1039
366 482
366 583
366 708
366 712
366 720
366 808
366 847
366 927
366 1074
366 1276
366 1479
367 927
367 1102
367 1268
367 1408
367 1507
367 1627
367 1866
367 1893
367 1957
368 370
368 608
368 1080
368 1116
368 1159
368 1681
368 1982
369 419
369 812
369 1023
369 1067
369 1094
369 1223
369 1323
369 1325
369 1601
369 1745
369 1749
369 1840
370 377
370 597
370 612
370 639
370 1029
370 1204
370 1573
370 1734
370 1749
370 1917
370 1939
370 1947
371 393
371 479
371 503
371 510
371 1192
371 1352
371 1362
371 1365
371 1445
371 1705
371 1720
371 1846
371 1921
372 398
372 434
372 623
372 855
372 876
372 976
372 1665
372 1750
372 1850
373 468
373 489
373 511
373 645
373 747
373 1132
373 1212
373 1335
373 1411
373 1495
373 1721
373 1813
373 1960
373 1983
374 577
374 579
374 778
374 1046
374 1153
374 1191
374 1460
374 1606
374 1643
374 1719
374 1747
374 1878
375 1114
375 1261
375 1477
375 1693
375 1854
375 1914
376 448
376 565
376 590
376 1323
376 1669
376 1687
376 1896
376 1923
377 501
377 585
377 702
377 716
377 1110
377 1272
377 1301
377 1373
377 1688
377 1808
378 443
378 709
378 764
378 781
378 789
378 994
378 1061
378 1069
378 1134
378 1143
378 1745
378 1746
378 1993
379 389
379 793
379 856
379 974
379 1611
379 1786
379 1950
380 408
380 418
380 469
380 490
380 647
380 982
380 1045
380 1207
380 1299
380 1438
380 1449
380 1499
380 1572
380 1832
380 1971
380 1987
381 406
381 424
381 967
381 1006
381 1302
381 1382
381 1636
381 1655
381 1960
382 917
382 946
382 1166
382 1263
383 637
383 825
383 1229
383 1346
383 1485
383 1584
383 1839
383 1902
384 615
384 645
384 844
384 975
384 1792
384 1828
385 1028
385 1189
385 1379
385 1508
385 1716
386 566
386 881
386 1015
386 1331
386 1616
387 572
387 675
387 734
387 821
387 1403
387 1459
387 1504
387 1941
387 1945
388 532
388 628
388 837
388 890
388 1118
388 1174
388 1384
388 1450
388 1763
388 1964
388 1986
389 517
389 651
389 1067
389 1301
389 1341
389 1464
389 1806
389 1923
390 690
390 749
390 929
390 1065
390 1147
390 1252
390 1627
390 1737
391 1920
392 690
392 906
392 1041
392 1174
392 1201
392 1299
392 1301
392 1308
392 1829
392 1933
392 1977
393 437
393 615
393 1151
393 1360
393 1566
393 1586
394 730
394 1015
394 1047
394 1118
394 1394
394 1522
394 1925
395 521
395 680
395 898
395 904
395 1172
395 1589
395 1877
395 1896
395 1949
396 427
396 1052
396 1634
396 1645
397 675
397 1516
397 1630
397 1679
397 1806
397 1828
398 402
398 1312
398 1406
398 1599
398 1848
398 1885
399 596
399 735
399 1047
399 1245
399 1370
399 1540
399 1560
399 1840
400 432
400 976
400 1405
400 1545
400 1586
400 1721
401 757
401 766
401 852
401 937
401 1040
401 1482
401 1492
401 1611
401 1723
402 445
402 499
402 669
402 871
402 1153
402 1544
402 1597
402 1927
403 471
403 640
403 666
403 935
403 1004
403 1110
403 1245
403 1253
403 1352
403 1554
403 1558
403 1713
404 666
404 693
404 1122
404 1435
404 1501
404 1514
404 1889
404 1921
404 1924
405 436
405 523
405 645
405 1061
405 1433
405 1741
405 1820
405 1918
405 1947
406 533
406 752
406 791
406 1125
406 1139
406 1271
406 1307
406 1339
406 1997
407 417
407 444
407 513
407 737
407 1056
407 1416
407 1431
407 1570
407 1657
408 732
408 740
408 987
408 1699
408 1754
408 1769
408 1942
409 546
409 966
409 1236
409 1630
409 1929
409 1975
410 787
410 891
410 1136
410 1279
410 1560
411 536
411 1392
411 1445
411 1498
411 1712
411 1851
411 1972
411 1983
412 786
412 796
412 803
412 877
412 879
412 1046
412 1057
412 1705
412 1849
412 1910
412 1928
412 1945
413 818
413 1153
413 1625
413 1680
413 1774
414 484
414 511
414 618
414 708
414 892
414 1144
414 1760
415 883
415 1016
415 1192
415 1524
416 846
416 992
416 1012
416 1026
416 1419
416 1550
417 512
417 625
417 743
417 849
417 1604
418 516
418 657
418 715
418 1218
418 1457
418 1668
418 1952
419 622
419 747
419 913
419 950
419 1451
419 1656
420 542
420 622
420 798
420 1164
420 1385
420 1571
420 1670
420 1884
421 562
421 570
421 682
421 722
421 1534
421 1632
421 1718
421 1876
421 1922
422 823
422 836
422 918
422 973
422 1065
422 1214
422 1290
422 1455
422 1660
422 1731
423 560
423 585
423 618
423 678
423 716
423 787
423 934
423 965
423 1218
423 1482
423 1785
424 755
424 763
424 848
424 1145
424 1359
424 1488
424 1816
424 1917
425 426
425 528
425 628
425 959
425 1002
425 1181
425 1448
425 1561
425 1634
425 1725
425 1747
426 801
426 1021
426 1163
426 1274
426 1531
426 1591
426 1598
427 510
427 822
427 849
427 1043
427 1078
427 1417
428 442
428 710
428 1054
428 1120
428 1201
428 1609
428 1747
428 1802
428 1927
429 552
429 650
429 728
429 734
429 942
429 1341
429 1560
429 1640
429 1745
429 1787
429 1941
429 1954
430 704
430 871
430 952
430 1011
430 1070
430 1109
430 1353
430 1608
430 1665
430 1699
430 1843
431 977
431 1413
431 1459
431 1644
431 1886
432 563
432 640
432 715
432 718
432 961
432 1050
432 1126
432 1170
432 1216
432 1389
432 1586
432 1715
432 1984
433 521
433 960
433 1138
433 1180
433 1214
433 1306
433 1367
433 1496
433 1641
433 1992
434 770
434 1216
434 1298
434 1627
434 1786
434 1983
435 482
435 543
435 630
435 668
435 1238
435 1258
435 1263
435 1508
435 1536
435 1647
435 1750
435 1763
436 1386
436 1637
436 1705
436 1760
436 1779
436 1824
437 561
437 963
437 1015
437 1026
437 1229
437 1457
437 1533
437 1559
437 1751
438 727
438 848
438 878
438 1330
438 1928
439 489
439 828
439 1309
439 1325
439 1592
439 1641
439 1835
440 514
440 626
440 748
440 966
440 1078
440 1183
440 1317
440 1390
440 1461
440 1636
440 1828
441 446
441 495
441 521
441 712
441 798
441 971
441 1241
441 1425
441 1432
441 1469
441 1568
442 535
442 939
442 1028
442 1092
442 1644
442 1807
443 871
443 1198
443 1348
444 579
444 754
444 784
444 941
444 1366
445 813
445 1004
445 1457
445 1517
445 1722
446 650
446 703
446 1016
446 1247
446 1758
446 1816
447 465
447 826
447 1140
447 1314
447 1386
447 1484
447 1513
448 585
448 639
448 642
448 759
448 762
448 894
448 1007
448 1058
448 1083
448 1203
448 1261
448 1306
448 1707
449 520
449 1182
449 1560
449 1799
449 1812
450 558
450 584
450 828
450 847
450 854
450 904
450 1271
450 1366
450 1407
450 1514
450 1534
450 1762
451 517
451 544
451 1135
451 1560
451 1603
451 1635
451 1719
452 1111
452 1791
453 926
453 948
453 1435
453 1521
453 1651
454 698
454 781
454 932
454 1285
454 1541
454 1704
454 1856
454 1888
455 506
455 517
455 728
455 1144
455 1318
455 1413
455 1458
455 1650
456 476
456 608
456 625
456 772
456 937
456 1239
456 1274
456 1345
456 1512
456 1766
456 1847
456 1878
457 524
457 731
457 733
457 765
457 1060
457 1336
457 1417
457 1499
457 1719
458 462
458 535
458 864
458 1228
458 1826
458 1836
458 1851
458 1855
459 505
459 628
459 781
459 1480
459 1526
459 1743
459 1749
459 1857
459 1955
460 532
460 654
460 981
460 1195
460 1498
460 1542
460 1894
460 1898
460 1904
461 781
461 904
461 940
461 1101
461 1319
461 1366
461 1720
461 1742
461 1775
461 1843
462 540
462 1231
462 1328
462 1420
462 1530
462 1830
462 1931
462 1940
463 464
463 490
463 1068
463 1087
463 1243
463 1624
463 1629
463 1717
463 1731
463 1946
464 533
464 946
464 983
464 1232
464 1278
464 1753
464 1860
464 1901
465 471
465 723
465 880
465 1030
466 517
466 560
466 1402
466 1517
466 1659
466 1707
466 1786
467 1018
467 1122
467 1247
467 1499
467 1535
467 1726
468 585
468 725
468 747
468 867
468 1205
468 1714
468 1752
468 1915
468 1994
469 828
469 1099
469 1447
469 1663
469 1825
469 1833
469 1979
470 475
470 936
470 1010
470 1045
470 1169
470 1358
470 1654
470 1713
470 1754
470 1812
470 1906
471 650
471 710
471 950
471 1086
471 1136
471 1262
471 1379
471 1549
471 1859
471 1923
472 539
472 641
472 859
472 987
472 1043
472 1061
472 1598
472 1925
473 642
473 720
473 869
473 960
473 1012
473 1174
473 1618
473 1963
474 672
474 726
474 945
474 1022
474 1080
474 1144
474 1185
474 1400
474 1442
474 1677
474 1682
474 1963
474 1992
475 634
475 958
475 997
475 1101
475 1189
475 1548
475 1693
475 1728
476 534
476 672
476 818
476 912
476 915
476 967
476 1030
476 1090
476 1410
476 1928
477 645
477 669
477 1068
477 1522
477 1758
477 1787
477 1927
478 516
478 694
478 830
478 1010
478 1192
478 1757
479 746
479 808
479 902
479 1388
479 1393
479 1642
479 1761
479 1793
480 686
480 744
480 846
480 972
480 1165
480 1489
481 555
481 612
481 1206
481 1243
481 1360
481 1523
481 1600
481 1607
482 632
482 1151
482 1204
482 1241
482 1306
482 1331
482 1362
482 1437
482 1970
483 515
483 909
483 919
483 1028
483 1043
483 1214
483 1339
483 1456
483 1831
484 583
484 913
484 1130
484 1132
484 1196
484 1249
484 1295
484 1355
484 1526
484 1562
484 1608
484 1614
484 1627
485 687
485 733
485 809
485 874
485 988
485 1477
485 1579
485 1900
485 1959
486 489
486 523
486 584
486 1082
486 1251
486 1265
486 1376
486 1436
486 1441
486 1484
486 1571
486 1965
487 583
487 909
487 1303
487 1458
487 1581
487 1634
487 1665
487 1731
488 546
488 550
488 670
488 1049
488 1067
488 1204
488 1328
488 1676
489 750
489 762
489 1005
489 1206
489 1475
489 1683
489 1921
490 1103
490 1547
490 1772
490 1893
491 708
491 830
491 934
491 1021
491 1179
491 1306
491 1607
491 1938
491 1984
492 644
492 938
492 967
492 1379
492 1508
492 1635
492 1644
492 1655
493 560
493 646
493 650
493 738
493 757
493 842
493 905
493 990
493 1094
493 1725
493 1876
493 1911
494 1275
494 1733
495 600
495 659
495 792
495 803
495 1095
495 1366
495 1385
495 1397
495 1489
495 1616
495 1737
495 1787
495 1903
496 762
496 883
496 1356
496 1798
496 1864
496 1872
497 894
497 1081
497 1267
497 1315
497 1329
497 1644
497 1661
497 1792
497 1859
497 1905
497 1971
498 553
498 569
498 853
498 981
498 1047
498 1099
498 1272
498 1428
498 1554
498 1622
498 1681
498 1986
499 521
499 567
499 684
499 851
499 1399
499 1591
499 1687
499 1702
499 1861
500 570
500 1279
500 1750
500 1815
500 1821
501 591
501 849
501 900
501 910
501 944
501 1370
501 1758
502 794
502 823
502 1279
502 1411
502 1538
502 1604
502 1663
503 636
503 833
503 868
503 888
503 947
503 1255
503 1392
503 1503
503 1535
503 1711
504 709
504 730
504 899
504 958
504 1052
504 1563
504 1636
504 1804
504 1966
505 596
505 803
505 825
505 845
505 849
505 862
505 866
505 1365
505 1439
505 1502
505 1519
505 1597
505 1723
505 1881
506 576
506 609
506 691
506 1056
506 1266
506 1359
506 1694
507 642
507 670
507 851
507 950
507 988
507 995
507 999
507 1194
507 1283
507 1320
507 1348
507 1498
507 1631
507 1972
508 857
508 978
508 1336
508 1587
508 1654
509 531
509 960
509 1057
509 1277
509 1379
509 1512
509 1518
509 1856
509 1970
510 999
511 1268
511 1269
511 1308
511 1373
511 1625
511 1633
511 1667
511 1701
512 700
512 845
512 1034
512 1367
512 1461
512 1541
512 1626
512 1824
513 609
513 802
513 1075
513 1394
513 1512
513 1531
513 1537
513 1635
513 1919
514 578
514 1239
514 1641
514 1737
514 1763
514 1791
515 532
515 602
515 655
515 1200
515 1569
515 1743
515 1856
516 763
516 790
516 1175
516 1183
516 1197
516 1297
516 1832
517 577
517 713
517 718
517 1172
517 1299
517 1764
518 1092
518 1327
518 1639
519 633
519 812
519 1201
519 1253
519 1484
519 1539
519 1835
520 590
520 685
520 757
520 863
520 981
520 1096
520 1156
520 1200
520 1311
520 1557
520 1630
520 1807
520 1878
521 560
521 1111
521 1244
521 1249
521 1425
521 1644
521 1688
521 1904
521 1907
522 745
522 1090
522 1462
522 1484
522 1501
522 1771
522 1774
523 888
523 1024
523 1289
524 619
524 816
524 1281
524 1745
524 1848
525 706
525 714
525 721
525 860
525 1008
525 1214
525 1252
525 1262
525 1268
525 1313
525 1761
526 1549
526 1632
527 629
527 715
527 863
527 974
527 987
527 992
527 1272
527 1455
527 1541
527 1930
528 844
528 1231
528 1298
528 1340
528 1848
529 780
529 895
529 917
529 1000
529 1190
529 1353
529 1529
530 552
530 638
530 642
530 1097
531 914
531 1015
531 1790
531 1801
531 1814
532 564
532 931
532 1143
532 1151
532 1152
532 1197
532 1298
532 1590
532 1676
532 1951
533 692
533 698
533 815
533 1436
534 568
534 833
534 893
534 1444
534 1613
534 1736
535 564
535 780
535 987
535 1014
535 1513
535 1534
535 1861
535 1865
535 1940
536 586
536 796
536 818
536 1143
536 1328
536 1568
536 1897
537 778
537 934
537 1075
537 1197
537 1477
537 1809
538 589
538 610
538 783
538 887
538 1109
538 1588
538 1918
539 917
539 921
539 938
539 1265
539 1508
539 1746
539 1775
539 1948
540 882
540 901
540 1038
540 1159
540 1295
541 655
541 1114
541 1191
541 1593
541 1789
541 1876
541 1887
541 1893
542 683
542 741
542 824
542 898
542 1097
542 1333
542 1537
543 602
543 617
543 618
543 866
543 1069
543 1398
543 1421
543 1537
544 559
544 627
544 699
544 718
544 723
544 844
544 1386
544 1637
544 1650
544 1651
544 1976
545 648
545 1197
545 1671
545 1745
545 1888
545 1978
546 595
546 659
546 832
546 938
546 1587
547 872
547 996
547 1003
547 1016
547 1160
547 1247
547 1361
547 1816
547 1970
547 1986
548 558
548 698
548 995
548 1150
548 1351
548 1956
549 961
549 1046
549 1245
549 1260
549 1301
549 1373
549 1702
549 1976
550 806
550 827
550 919
550 928
550 995
550 1425
550 1724
550 1779
550 1851
550 1852
550 1994
551 721
551 770
551 836
551 1055
551 1079
551 1095
551 1368
551 1529
551 1561
552 598
552 663
552 673
552 1123
552 1177
552 1263
552 1308
552 1428
552 1555
552 1612
552 1812
553 854
553 949
553 1202
553 1243
553 1645
553 1757
553 1927
554 1121
554 1223
554 1323
554 1651
554 1815
554 1847
554 1942
555 642
555 881
555 891
555 1112
555 1239
555 1264
555 1345
555 1526
556 847
556 1676
556 1884
557 1004
557 1045
557 1117
557 1276
557 1384
557 1414
557 1451
557 1519
557 1573
557 1768
558 1341
558 1858
558 1888
559 662
559 895
559 1025
559 1239
560 764
560 862
560 1402
560 1486
560 1516
561 575
561 597
561 703
561 721
561 732
561 946
561 1416
561 1468
561 1650
561 1876
561 1881
561 1883
562 620
562 772
562 899
562 1287
562 1308
562 1332
562 1356
562 1456
562 1626
562 1715
562 1972
563 588
563 662
563 960
563 1190
563 1404
563 1502
564 958
564 1317
564 1384
564 1835
565 583
565 601
565 893
565 1029
565 1254
565 1667
565 1959
565 1994
566 812
566 1083
566 1197
566 1415
566 1620
567 710
567 1037
567 1171
567 1253
567 1383
567 1597
567 1740
567 1950
567 1976
567 1988
568 651
568 980
568 1143
568 1479
568 1480
568 1950
569 761
569 843
569 885
569 1197
569 1227
569 1353
569 1388
569 1604
569 1707
569 1768
569 1985
569 1992
570 581
570 594
570 816
570 900
570 1102
570 1188
571 625
571 745
571 958
571 994
571 1394
571 1728
572 627
572 782
572 924
572 1031
572 1043
572 1175
572 1418
572 1516
572 1634
572 1757
573 609
573 753
573 756
573 922
573 1355
573 1452
573 1468
573 1615
573 1693
573 1739
573 1995
574 577
574 632
574 660
574 730
574 810
574 900
574 908
574 1345
574 1398
574 1748
574 1807
574 1917
574 1975
575 1187
575 1333
575 1478
575 1712
576 763
576 833
576 893
576 986
576 1044
576 1215
576 1239
576 1429
576 1537
576 1541
577 904
577 1024
577 1224
577 1912
578 1138
578 1396
578 1592
579 656
579 932
579 1214
579 1362
579 1481
579 1653
579 1679
579 1743
579 1871
579 1982
579 1997
580 676
580 721
580 862
580 1124
580 1598
580 1619
580 1641
580 1672
580 1816
581 679
581 898
581 1242
581 1402
581 1925
582 863
582 915
582 1047
582 1175
582 1462
582 1923
583 611
583 1543
583 1724
583 1759
584 718
584 1296
584 1487
584 1755
584 1789
585 679
585 702
585 843
585 1526
586 804
586 975
586 1122
586 1227
586 1307
586 1308
586 1481
586 1670
586 1794
587 666
587 936
587 1512
587 1579
587 1740
587 1764
587 1770
588 792
588 1047
588 1114
588 1272
588 1831
588 1990
589 937
589 1228
589 1707
589 1817
589 1870
589 1903
589 1945
590 819
590 1061
590 1239
590 1379
590 1789
590 1804
590 1821
590 1913
590 1915
591 849
591 858
591 1115
591 1517
591 1818
592 962
592 1217
592 1227
592 1728
592 1746
592 1941
593 767
593 1014
593 1059
593 1224
593 1521
593 1631
593 1747
593 1794
594 1101
594 1309
594 1459
594 1474
594 1537
594 1679
594 1692
594 1909
595 774
595 898
595 998
595 1228
595 1394
595 1552
595 1712
595 1940
596 742
596 759
596 775
596 808
596 1684
597 663
597 710
597 717
597 978
597 1027
597 1305
597 1581
597 1584
597 1649
597 1817
598 610
598 904
598 1109
598 1625
598 1705
599 901
599 913
599 1341
599 1711
599 1797
600 743
600 831
600 911
600 1440
601 612
601 1345
601 1721
601 1757
601 1873
602 725
602 746
602 1082
602 1142
602 1432
602 1464
602 1748
602 1750
602 1818
602 1865
602 1949
603 674
603 885
603 993
603 1059
603 1074
603 1078
603 1403
603 1523
604 776
604 862
604 936
604 1104
604 1163
604 1266
604 1374
604 1375
604 1749
604 1800
605 687
605 697
605 1166
605 1450
605 1534
605 1673
605 1702
605 1711
606 856
606 898
606 1030
606 1385
606 1561
606 1774
607 656
607 1014
607 1153
607 1214
607 1330
607 1510
608 942
608 1082
608 1273
608 1303
608 1461
608 1727
608 1769
609 995
609 1000
609 1019
609 1054
609 1178
609 1293
609 1296
609 1823
610 825
610 1520
610 1910
611 694
611 892
611 926
611 939
611 974
611 1355
611 1434
611 1510
611 1702
611 1855
612 1225
612 1567
612 1711
612 1862
612 1979
613 626
613 1702
613 1815
613 1872
614 636
614 706
614 888
614 994
614 1224
614 1893
614 1931
615 722
615 803
615 954
615 1027
615 1119
615 1176
615 1324
615 1558
615 1664
616 763
616 896
616 1170
616 1296
616 1607
616 1990
617 849
617 873
617 1196
617 1334
617 1484
617 1564
617 1948
618 643
618 773
618 829
618 1161
618 1201
618 1386
618 1635
618 1666
618 1786
618 1790
618 1793
618 1825
618 1975
618 1988
619 1041
619 1272
619 1300
619 1448
619 1470
619 1551
619 1877
620 1366
620 1501
621 1564
622 662
622 756
622 1029
622 1098
622 1488
622 1494
622 1631
622 1636
623 1224
623 1229
623 1332
624 842
624 965
624 1135
624 1149
624 1303
624 1605
624 1748
624 1812
624 1888
625 798
625 1058
625 1119
625 1284
625 1337
625 1500
625 1866
626 630
626 1007
626 1300
626 1428
626 1615
627 701
627 817
627 1412
627 1526
627 1755
627 1802
628 716
628 881
628 909
628 949
628 1108
628 1121
628 1317
628 1391
628 1445
628 1503
628 1744
628 1802
628 1848
628 1891
628 1927
629 665
629 1040
629 1216
629 1451
629 1453
629 1479
629 1738
629 1743
629 1818
629 1992
630 751
630 912
630 973
630 1334
630 1813
630 1830
630 1995
631 703
631 871
631 1001
631 1249
631 1945
632 852
632 1013
632 1274
632 1279
632 1879
633 875
633 1130
633 1302
633 1400
633 1451
633 1502
633 1678
633 1829
634 700
634 851
634 861
634 1112
634 1604
634 1639
634 1672
634 1740
634 1743
634 1766
635 1252
635 1411
635 1632
636 795
636 935
636 1019
636 1043
636 1169
636 1247
636 1705
636 1762
636 1920
637 766
637 1087
637 1646
637 1674
637 1777
637 1999
638 797
638 1074
638 1143
638 1294
638 1312
638 1584
638 1637
639 774
639 889
639 1450
639 1525
639 1590
639 1612
639 1715
639 1852
640 732
640 955
640 995
640 1542
640 1553
641 1069
641 1554
641 1809
641 1875
642 725
642 856
642 1217
642 1218
642 1346
642 1594
642 1756
643 706
643 961
643 993
643 1011
643 1023
643 1341
643 1594
643 1659
643 1886
644 1114
644 1668
644 1936
644 1940
645 763
645 1127
645 1128
645 1193
645 1361
645 1465
645 1636
645 1665
646 816
647 905
647 912
647 917
647 1525
647 1637
647 1645
647 1843
648 678
648 797
648 933
648 944
648 1336
648 1566
648 1607
648 1738
648 1971
649 1108
649 1483
650 658
650 760
650 773
650 786
650 1359
650 1551
651 813
651 1011
651 1033
651 1242
651 1388
651 1444
652 706
652 893
652 912
652 1024
652 1163
652 1427
652 1544
652 1575
652 1770
652 1875
653 704
653 1107
653 1423
653 1571
653 1721
653 1810
654 1064
654 1167
654 1280
654 1400
654 1440
654 1602
654 1835
654 1877
654 1913
655 803
655 933
655 949
655 1090
655 1275
655 1281
655 1369
655 1518
655 1601
656 691
656 692
656 870
656 1667
656 1763
656 1891
656 1916
657 878
657 881
657 1030
657 1104
657 1257
657 1272
657 1664
657 1716
657 1854
658 665
658 712
658 720
658 809
658 1241
658 1609
658 1773
658 1845
659 726
659 1333
659 1414
659 1619
659 1906
659 1915
660 724
660 1097
660 1423
660 1513
660 1682
660 1743
661 773
661 1123
661 1151
661 1401
661 1510
661 1749
661 1766
661 1783
661 1905
662 727
662 1123
662 1185
662 1285
662 1508
662 1572
662 1851
662 1864
663 834
663 884
663 1030
663 1277
663 1331
663 1761
664 766
664 1625
665 1163
665 1448
665 1633
665 1910
666 821
666 865
666 1013
666 1038
666 1071
666 1090
666 1464
666 1673
666 1696
666 1861
667 1109
667 1215
667 1249
667 1449
667 1486
667 1848
668 770
668 817
668 857
668 1076
668 1482
668 1728
668 1836
669 771
669 1134
669 1216
669 1359
669 1369
669 1497
670 709
670 868
670 1093
670 1312
670 1420
670 1472
670 1520
670 1805
671 928
671 1092
671 1568
671 1580
671 1620
671 1654
671 1666
671 1675
671 1817
672 768
672 863
672 864
672 1379
672 1549
672 1596
672 1828
672 1909
673 901
673 1030
673 1275
673 1359
673 1620
673 1651
673 1763
674 784
674 975
674 1059
674 1111
674 1172
674 1250
674 1257
674 1654
674 1664
675 688
675 700
675 707
675 855
675 1234
675 1636
675 1755
676 732
676 839
676 934
676 1019
676 1907
677 706
677 1711
677 1733
677 1761
677 1811
678 1135
678 1378
678 1489
678 1661
678 1902
679 1195
680 760
680 920
680 1307
680 1445
680 1641
680 1713
680 1739
680 1972
680 1999
681 1011
681 1238
681 1548
681 1566
681 1689
682 790
682 881
682 1063
682 1341
682 1642
682 1751
682 1778
682 1885
683 1009
683 1291
683 1330
683 1615
683 1670
684 809
684 893
684 1077
684 1198
684 1493
684 1593
684 1643
684 1848
685 1621
685 1859
685 1912
686 960
686 1138
686 1141
686 1336
686 1507
686 1521
686 1639
686 1754
686 1777
686 1779
686 1869
687 798
687 1150
687 1229
687 1235
687 1882
687 1939
687 1979
688 1002
688 1084
688 1137
688 1483
688 1579
688 1775
689 1284
689 1487
690 745
690 1106
690 1180
690 1452
690 1465
690 1497
690 1570
691 902
691 1037
691 1083
691 1141
691 1419
691 1595
691 1650
691 1788
692 879
692 884
692 1095
692 1241
692 1325
692 1568
693 827
693 1071
693 1254
693 1430
693 1461
693 1843
693 1909
693 1991
694 877
694 1128
694 1157
694 1301
694 1357
695 1103
695 1496
695 1584
695 1706
695 1733
695 1849
696 826
696 1157
696 1423
696 1528
696 1741
697 847
697 879
697 1138
697 1423
697 1678
697 1762
697 1790
698 903
698 1021
698 1417
699 811
699 976
699 1333
699 1363
699 1450
699 1598
700 894
700 1649
700 1905
700 1987
701 825
701 1269
702 705
702 1045
702 1366
702 1435
702 1487
702 1992
703 713
703 1178
703 1697
703 1780
704 1340
704 1341
704 1591
704 1653
704 1700
705 831
705 1054
705 1166
705 1196
705 1198
705 1243
705 1297
705 1383
706 803
706 931
706 952
706 1020
706 1236
706 1297
706 1664
706 1864
706 1883
707 901
707 1298
707 1385
707 1491
707 1497
707 1523
707 1645
707 1883
707 1918
708 800
708 1013
708 1388
708 1542
708 1578
709 871
709 900
709 1090
709 1167
709 1369
709 1676
710 764
710 1165
710 1333
711 1056
711 1181
711 1359
711 1633
711 1669
711 1691
711 1939
712 1026
712 1052
712 1078
712 1122
712 1978
713 823
713 1308
713 1705
713 1731
713 1784
714 858
714 1102
714 1318
714 1477
714 1609
715 738
715 815
715 893
715 938
715 1085
715 1726
715 1851
715 1946
716 1324
716 1990
717 776
717 993
717 1132
717 1248
717 1308
717 1333
717 1475
717 1717
717 1855
718 875
718 1062
718 1233
718 1258
718 1350
718 1408
719 971
719 986
719 1059
719 1087
719 1278
719 1421
719 1651
719 1793
719 1878
719 1888
719 1920
720 1550
720 1704
721 1235
721 1254
721 1351
721 1369
721 1694
721 1828
721 1848
721 1894
722 975
722 1018
722 1051
722 1281
722 1305
722 1494
722 1576
722 1938
723 856
723 1229
723 1333
724 785
724 849
724 851
724 1133
724 1440
724 1610
724 1623
724 1771
724 1865
725 751
725 829
725 896
725 1067
725 1471
726 909
726 944
726 1571
726 1626
726 1990
727 1199
727 1626
727 1869
728 960
728 1089
728 1113
728 1174
728 1785
728 1848
728 1858
729 811
729 825
729 964
729 1249
729 1366
729 1488
729 1604
729 1676
729 1752
729 1791
730 737
730 967
730 1338
730 1531
730 1663
730 1823
730 1835
730 1973
730 1999
731 750
731 861
731 1576
731 1660
731 1892
732 806
732 855
732 943
732 948
732 1074
732 1398
732 1439
732 1477
732 1771
732 1848
732 1990
733 1133
733 1298
733 1475
733 1702
733 1783
734 812
734 904
734 1213
734 1277
734 1279
734 1357
734 1376
734 1479
734 1770
734 1835
735 811
735 1210
735 1766
735 1980
736 793
736 816
736 1093
736 1168
736 1581
736 1720
736 1950
737 1041
737 1169
737 1395
737 1776
737 1778
737 1857
738 884
738 1041
738 1106
738 1139
738 1169
738 1214
738 1332
738 1337
738 1958
738 1970
738 1971
739 1167
739 1179
739 1267
739 1416
739 1455
739 1824
739 1964
740 1084
740 1136
740 1159
740 1264
740 1901
741 921
741 957
741 1172
741 1228
741 1506
741 1748
742 871
742 938
742 1149
742 1166
742 1442
742 1697
742 1702
742 1978
743 760
743 876
743 1219
743 1252
743 1303
744 903
744 908
744 1042
744 1245
744 1292
744 1514
744 1852
745 1083
745 1266
745 1271
745 1334
745 1517
745 1555
745 1843
745 1885
746 779
746 781
746 977
747 915
747 979
747 982
747 1476
747 1738
747 1989
748 898
748 1268
748 1408
748 1948
749 1013
749 1016
749 1018
749 1455
749 1683
750 773
750 820
750 987
750 1292
750 1435
750 1474
750 1482
750 1776
750 1813
750 1869
750 1930
751 992
751 1007
751 1084
751 1295
751 1609
752 1163
752 1270
752 1399
752 1501
752 1532
752 1685
753 916
753 1067
753 1269
753 1412
753 1421
753 1780
754 1212
754 1288
754 1297
754 1418
754 1447
754 1527
755 848
756 946
756 997
756 1069
756 1080
756 1485
756 1525
756 1557
756 1732
756 1921
757 1510
757 1683
757 1750
758 769
758 804
758 919
758 967
758 1234
758 1270
758 1320
758 1482
758 1759
759 868
759 955
759 1015
759 1275
759 1438
759 1519
759 1837
760 826
760 907
760 1256
761 830
761 1102
761 1204
761 1221
761 1283
761 1849
762 831
762 873
762 1155
762 1255
762 1396
762 1816
762 1823
763 774
763 808
763 1360
763 1367
763 1471
763 1562
763 1612
763 1760
763 1762
763 1890
763 1978
764 767
764 1427
764 1429
764 1737
764 1944
765 953
765 981
765 1216
765 1825
765 1844
765 1881
766 787
766 792
766 1366
766 1646
766 1693
766 1881
766 1891
767 976
767 1089
767 1152
767 1226
767 1334
767 1491
767 1539
768 867
768 1125
768 1167
768 1235
768 1404
768 1485
768 1952
768 1997
769 813
769 1109
769 1779
770 988
770 1719
771 934
771 1025
771 1057
771 1416
771 1525
771 1812
771 1854
772 1006
772 1242
772 1797
772 1852
772 1866
772 1940
772 1973
773 1020
773 1108
773 1542
773 1780
773 1858
773 1880
773 1954
774 1125
774 1145
774 1151
774 1184
774 1240
774 1438
774 1572
774 1591
774 1747
774 1843
774 1915
775 824
775 965
775 999
775 1184
775 1435
775 1577
775 1596
775 1800
776 940
776 1072
776 1160
776 1242
776 1469
776 1552
776 1622
776 1888
776 1933
777 883
777 1156
777 1505
777 1567
777 1739
778 874
778 984
778 1004
778 1310
778 1593
778 1725
778 1832
779 1829
780 824
780 1118
780 1344
780 1407
780 1695
780 1992
781 1153
781 1306
781 1415
781 1422
781 1677
781 1766
781 1858
782 1344
782 1389
782 1543
782 1645
782 1764
783 996
783 999
783 1010
783 1134
783 1210
783 1256
783 1322
783 1373
783 1495
783 1912
783 1965
783 1981
784 1027
784 1253
784 1322
784 1481
784 1536
785 967
785 982
785 1348
785 1439
785 1471
785 1613
785 1905
786 1256
786 1271
786 1316
786 1392
786 1501
786 1655
787 874
787 1197
787 1279
787 1476
787 1584
787 1675
788 844
788 1200
788 1638
788 1807
788 1899
788 1940
789 932
789 1055
789 1152
789 1214
789 1438
789 1442
789 1456
789 1590
790 876
790 1120
790 1286
790 1311
790 1476
790 1982
791 1003
791 1052
791 1192
791 1467
791 1492
791 1820
791 1880
791 1940
792 1645
793 1304
793 1385
793 1408
793 1437
793 1506
793 1831
793 1996
794 926
794 982
794 1112
794 1438
794 1596
794 1669
794 1704
794 1733
794 1794
794 1811
794 1877
794 1920
794 1922
795 889
795 1424
795 1674
795 1893
796 815
796 1043
796 1201
796 1462
796 1679
797 988
797 1182
797 1268
797 1376
797 1521
797 1544
798 882
798 897
798 1106
798 1181
798 1574
799 952
799 1049
799 1072
799 1688
799 1694
800 1078
800 1130
800 1204
800 1659
800 1767
801 833
801 924
801 982
801 1404
801 1617
801 1765
801 1767
801 1901
802 891
802 911
802 1291
802 1470
802 1840
803 1201
803 1277
803 1331
803 1545
803 1762
803 1944
804 1210
804 1524
804 1575
804 1709
805 968
805 1156
805 1175
805 1266
805 1412
805 1444
805 1732
805 1839
805 1842
806 1165
806 1183
806 1725
806 1777
806 1837
807 1372
807 1412
807 1435
807 1634
807 1693
807 1718
807 1724
807 1784
808 904
808 1178
808 1297
808 1617
808 1814
808 1919
808 1969
809 974
809 985
809 1163
809 1612
809 1630
809 1785
809 1823
810 843
810 878
810 1300
810 1899
811 851
811 858
811 892
811 1186
811 1196
811 1327
811 1414
811 1565
811 1650
811 1839
811 1858
812 852
812 1038
812 1204
812 1218
812 1259
812 1270
812 1702
812 1804
813 907
813 934
813 1023
813 1268
813 1285
814 1207
814 1308
814 1348
814 1422
814 1501
814 1673
814 1828
815 860
815 1137
815 1281
815 1612
815 1688
815 1925
816 880
816 971
816 983
816 1146
816 1199
816 1673
816 1733
816 1865
816 1952
817 827
817 863
817 1034
817 1044
817 1202
817 1486
817 1498
817 1533
817 1583
817 1723
817 1800
817 1836
817 1993
818 819
818 875
818 878
818 1060
818 1360
818 1453
818 1615
818 1706
818 1799
819 1287
819 1421
819 1506
820 831
820 1136
820 1326
820 1483
821 911
821 918
821 967
821 1109
821 1135
821 1168
821 1555
821 1862
822 1190
822 1192
822 1251
822 1308
822 1391
822 1624
822 1773
822 1998
823 835
823 1676
823 1821
823 1931
823 1954
824 876
824 1461
824 1703
824 1715
825 1045
825 1071
825 1601
825 1621
825 1690
825 1788
825 1931
826 1128
826 1429
826 1594
827 1572
827 1577
827 1593
827 1841
828 1262
828 1326
828 1479
828 1990
829 995
829 1324
829 1842
829 1922
830 869
830 931
830 964
830 1024
830 1117
830 1256
830 1654
830 1907
831 985
831 1033
831 1349
831 1606
832 896
832 940
832 1520
832 1779
832 1780
832 1784
832 1903
832 1943
833 979
833 1318
833 1636
833 1828
833 1868
834 899
834 947
834 1037
834 1112
834 1289
834 1462
834 1554
835 861
835 973
835 1338
835 1508
835 1538
835 1578
836 993
836 1112
836 1165
836 1428
836 1436
836 1440
836 1465
836 1707
837 845
837 914
837 1120
837 1353
837 1365
837 1475
837 1777
837 1823
837 1845
838 973
838 1010
838 1018
838 1154
838 1253
838 1287
838 1332
838 1494
838 1641
838 1753
838 1845
839 915
839 1045
839 1181
839 1324
839 1805
840 875
840 903
840 1447
840 1461
840 1641
840 1787
840 1872
840 1991
841 1019
841 1404
841 1477
841 1483
841 1579
841 1649
841 1666
841 1757
841 1866
841 1996
842 897
842 961
842 1125
842 1141
842 1404
842 1751
842 1765
842 1772
843 853
843 1086
843 1145
843 1263
843 1495
843 1863
844 1674
845 974
845 991
845 1109
845 1124
845 1703
845 1748
845 1983
846 1127
846 1269
846 1373
846 1511
846 1812
846 1849
846 1896
846 1921
847 1219
848 1479
848 1556
848 1583
848 1640
848 1747
849 1171
849 1292
849 1581
849 1643
849 1652
850 862
850 1371
850 1648
850 1729
850 1774
850 1882
850 1992
851 1150
851 1556
851 1566
851 1646
852 940
852 982
852 1663
852 1677
852 1720
853 940
853 1028
853 1252
853 1477
853 1562
853 1678
853 1753
853 1830
853 1887
853 1900
854 941
854 1171
854 1277
854 1734
854 1882
855 966
855 1557
855 1602
855 1688
855 1719
855 1907
856 857
856 1113
856 1312
856 1379
856 1421
856 1617
856 1722
856 1893
856 1928
857 957
857 989
857 1150
857 1526
857 1558
857 1575
857 1581
857 1683
858 861
858 873
858 1288
858 1835
858 1866
858 1874
858 1921
859 912
859 966
859 1395
859 1413
859 1503
859 1988
860 926
860 1002
860 1115
860 1155
860 1203
860 1664
860 1692
860 1763
861 1621
861 1861
861 1987
862 923
862 1083
862 1213
862 1272
862 1383
862 1666
862 1675
863 955
863 1100
863 1782
863 1931
864 1080
864 1346
864 1557
864 1619
864 1639
865 872
865 897
865 928
865 1004
865 1286
865 1412
865 1431
865 1454
865 1641
865 1766
865 1857
865 1979
866 1334
866 1842
867 1131
867 1366
867 1424
867 1435
867 1471
867 1481
867 1486
867 1960
868 917
868 941
868 1027
868 1035
868 1038
868 1309
868 1421
869 917
869 959
869 1005
869 1051
869 1128
869 1373
869 1513
869 1723
869 1747
869 1780
869 1917
869 1939
870 1194
870 1266
870 1307
870 1428
871 1453
871 1523
871 1720
871 1812
871 1833
871 1889
871 1918
871 1986
872 1089
872 1270
872 1438
872 1610
872 1860
872 1951
873 1458
873 1615
874 1127
874 1302
874 1469
874 1528
874 1592
874 1972
875 939
875 957
875 1015
875 1413
875 1942
875 1951
875 1954
876 898
877 1579
878 911
878 1818
879 1509
879 1764
879 1908
880 1297
880 1460
880 1478
880 1612
880 1972
881 962
881 1048
881 1049
881 1063
881 1187
881 1809
882 1041
882 1421
882 1667
882 1722
882 1751
883 902
883 948
883 1139
883 1434
883 1651
883 1806
884 1070
884 1159
884 1597
884 1667
884 1907
885 972
885 1035
885 1981
886 936
886 1484
886 1710
886 1897
886 1925
887 1166
887 1337
887 1426
888 960
888 1061
888 1502
888 1976
889 950
889 1029
889 1112
889 1308
889 1313
889 1458
889 1510
889 1516
889 1550
889 1605
889 1801
890 1448
890 1703
891 903
891 943
891 1092
891 1153
891 1471
891 1557
891 1817
891 1846
892 931
892 1108
892 1230
892 1368
893 899
893 1000
893 1105
893 1107
893 1241
893 1405
893 1474
893 1900
894 933
894 994
894 1011
894 1304
894 1690
894 1839
894 1849
895 984
895 1012
895 1273
895 1280
895 1415
895 1644
895 1738
895 1765
895 1915
896 1106
896 1384
896 1435
896 1790
896 1847
897 1029
897 1099
897 1410
897 1440
897 1441
897 1524
897 1566
897 1581
897 1753
897 1857
898 1041
898 1102
898 1383
898 1515
898 1624
898 1824
899 915
899 1036
899 1172
899 1330
899 1333
899 1368
899 1405
899 1500
899 1519
899 1720
899 1722
899 1762
899 1858
900 981
900 1285
900 1332
900 1439
900 1480
900 1793
901 1045
901 1104
901 1741
902 913
902 1040
902 1146
902 1356
902 1463
902 1951
904 1056
904 1144
904 1527
905 916
905 1071
905 1128
905 1152
905 1698
905 1779
905 1794
905 1882
905 1973
906 1264
906 1360
906 1373
906 1717
906 1730
906 1842
906 1968
907 1001
907 1148
907 1391
907 1467
907 1484
907 1648
908 931
908 977
908 1755
908 1796
908 1924
908 1998
909 1298
909 1456
909 1812
910 998
910 1054
910 1268
910 1307
910 1309
910 1868
911 925
911 959
911 981
911 1220
911 1437
911 1551
911 1711
911 1757
911 1782
912 1339
912 1453
912 1515
912 1953
913 1078
913 1650
914 937
914 1021
914 1071
914 1435
914 1530
914 1628
914 1819
914 1858
915 1045
915 1368
915 1464
915 1571
915 1948
915 1989
916 1207
916 1600
917 1036
917 1047
917 1231
917 1368
917 1548
917 1635
917 1774
918 1219
918 1424
918 1516
918 1631
919 977
919 987
919 1033
919 1272
919 1302
919 1416
919 1466
919 1715
919 1825
920 1001
920 1137
920 1343
920 1473
920 1486
920 1621
920 1752
920 1942
920 1987
921 994
921 1258
921 1321
921 1377
921 1631
921 1907
922 935
922 1123
922 1226
922 1447
922 1634
923 1067
923 1095
923 1234
923 1251
923 1328
923 1726
923 1895
924 1063
924 1291
924 1745
924 1796
925 1049
925 1084
925 1837
925 1903
925 1975
926 1051
926 1223
926 1434
926 1787
927 1155
927 1208
927 1412
927 1804
927 1872
927 1944
928 1015
928 1200
928 1226
928 1248
928 1507
928 1585
928 1829
929 1033
929 1350
929 1390
929 1396
929 1472
929 1853
930 940
930 1382
930 1555
930 1768
930 1890
930 1961
931 1178
931 1273
931 1308
931 1483
931 1523
931 1561
932 995
932 1011
932 1071
932 1104
932 1190
932 1362
932 1647
932 1667
932 1675
933 1149
933 1204
933 1230
933 1302
933 1400
933 1407
933 1416
933 1489
933 1843
934 1091
934 1387
934 1429
935 948
935 1082
935 1102
935 1327
935 1496
935 1629
935 1643
935 1795
935 1863
936 969
936 979
936 1833
936 1989
937 1134
937 1153
937 1235
937 1277
937 1473
937 1499
937 1555
937 1718
937 1960
938 1320
938 1424
938 1509
938 1695
938 1788
939 996
939 1133
939 1289
939 1387
939 1632
939 1932
940 947
940 1277
940 1286
940 1320
940 1557
940 1590
940 1792
941 977
941 994
941 1570
941 1693
942 967
942 976
942 1092
942 1173
942 1251
942 1599
942 1606
942 1802
942 1997
943 1090
943 1126
943 1143
943 1266
943 1353
943 1445
943 1766
943 1830
943 1956
944 1294
944 1412
944 1570
944 1781
945 1331
945 1343
945 1517
946 1244
946 1800
946 1903
946 1930
946 1956
946 1969
947 1070
947 1074
947 1402
947 1963
948 1430
948 1515
948 1684
949 1162
949 1480
949 1964
950 1055
950 1068
950 1096
950 1343
950 1672
950 1674
950 1926
951 1435
951 1565
952 1033
952 1101
952 1159
952 1223
952 1344
952 1435
952 1728
952 1790
953 1115
953 1368
953 1418
953 1564
953 1696
953 1895
954 1067
954 1279
954 1512
954 1616
954 1708
954 1953
954 1969
955 1109
955 1160
955 1600
955 1635
955 1657
956 1675
956 1847
956 1925
957 1092
957 1336
957 1811
957 1863
958 1176
958 1444
958 1680
958 1827
958 1927
959 1297
959 1649
959 1665
959 1960
960 1111
960 1115
960 1159
960 1433
960 1594
960 1831
961 1169
961 1245
961 1279
961 1409
961 1702
962 1071
962 1201
962 1345
962 1357
962 1361
963 1011
963 1132
963 1335
963 1437
963 1709
963 1743
964 988
964 992
964 1260
964 1316
964 1412
964 1439
964 1996
965 1072
965 1313
965 1405
965 1576
965 1888
966 1132
966 1371
966 1405
966 1833
966 1852
966 1971
967 1199
967 1606
967 1795
967 1944
968 1105
968 1247
968 1360
968 1577
969 1081
969 1147
969 1394
969 1415
969 1551
969 1809
969 1914
970 1009
970 1116
970 1198
970 1203
970 1837
970 1903
971 1185
971 1312
971 1334
971 1359
971 1383
971 1679
971 1851
972 1138
972 1243
972 1348
972 1545
972 1993
973 997
973 1146
973 1165
973 1210
973 1381
973 1588
973 1632
973 1750
973 1804
974 1081
974 1321
974 1377
974 1911
975 1108
975 1149
975 1206
975 1209
975 1638
976 998
976 1110
976 1168
976 1222
976 1490
976 1607
976 1661
976 1716
976 1876
976 1908
976 1999
977 1134
977 1192
977 1273
977 1419
977 1992
978 1007
978 1027
978 1171
978 1256
978 1282
978 1987
979 1010
979 1085
979 1166
979 1618
979 1916
979 1923
979 1952
980 1065
980 1159
980 1409
980 1682
981 1010
981 1070
981 1139
981 1181
981 1217
981 1977
982 1060
982 1281
982 1365
982 1551
983 1044
983 1327
983 1691
983 1749
983 1888
984 1580
984 1786
985 1298
985 1343
985 1416
985 1452
985 1841
986 1194
986 1388
986 1505
986 1697
986 1770
987 1541
987 1838
988 1147
988 1235
988 1360
988 1524
988 1805
988 1884
988 1946
989 1012
989 1040
989 1074
989 1098
989 1312
990 1100
990 1226
990 1334
990 1537
990 1788
991 1152
991 1158
991 1181
991 1198
991 1248
991 1401
991 1576
991 1623
991 1973
992 1398
992 1796
992 1885
993 1002
993 1129
993 1407
993 1521
993 1822
993 1837
993 1896
994 1167
994 1226
994 1298
994 1386
994 1517
994 1947
995 1526
995 1784
996 1164
996 1605
996 1641
996 1654
996 1751
997 1118
997 1192
997 1535
997 1605
997 1750
997 1940
998 1168
998 1273
998 1354
998 1604
998 1822
999 1030
999 1565
999 1755
999 1763
999 1873
1000 1202
1000 1671
1001 1320
1001 1346
1001 1808
1001 1817
1002 1174
1002 1363
1002 1424
1002 1602
1002 1751
1002 1864
1002 1922
1002 1972
1003 1214
1003 1401
1003 1548
1003 1886
1004 1008
1004 1148
1004 1297
1004 1330
1004 1378
1004 1539
1004 1992
1005 1039
1005 1153
1005 1156
1005 1178
1005 1348
1005 1935
1005 1955
1006 1374
1006 1485
1006 1693
1006 1846
1006 1943
1006 1975
1007 1171
1007 1310
1008 1417
1008 1477
1008 1577
1008 1633
1008 1752
1009 1039
1009 1379
1009 1405
1009 1678
1009 1709
1009 1780
1010 1289
1010 1365
1010 1568
1010 1884
1011 1129
1011 1148
1011 1168
1011 1408
1011 1457
1011 1547
1011 1724
1011 1899
1012 1113
1012 1129
1012 1499
1012 1529
1012 1567
1012 1803
1012 1852
1013 1028
1013 1386
1013 1535
1014 1027
1014 1118
1014 1413
1014 1666
1014 1696
1014 1753
1014 1952
1015 1182
1015 1283
1015 1561
1015 1562
1015 1863
1015 1928
1016 1196
1016 1212
1016 1258
1016 1477
1016 1562
1016 1800
1016 1929
1017 1034
1017 1117
1017 1147
1017 1647
1017 1696
1017 1699
1018 1307
1018 1374
1018 1746
1018 1815
1018 1857
1019 1896
1019 1986
1020 1140
1020 1191
1020 1198
1020 1309
1020 1409
1020 1757
1021 1248
1021 1491
1021 1770
1021 1900
1021 1915
1021 1928
1022 1065
1022 1158
1022 1611
1023 1086
1023 1229
1023 1556
1023 1615
1024 1481
1024 1577
1024 1591
1024 1881
1024 1943
1024 1965
1025 1310
1025 1615
1025 1634
1025 1680
1025 1901
1026 1041
1026 1066
1026 1107
1026 1313
1026 1505
1026 1741
1027 1134
1027 1181
1027 1272
1027 1645
1027 1647
1028 1342
1028 1432
1028 1608
1028 1634
1028 1755
1028 1944
1028 1979
1029 1030
1029 1109
1029 1126
1029 1402
1029 1422
1029 1450
1029 1736
1030 1032
1030 1074
1030 1215
1030 1643
1030 1697
1030 1784
1030 1926
1030 1927
1031 1128
1031 1190
1031 1289
1031 1307
1031 1649
1031 1702
1031 1736
1031 1784
1032 1051
1032 1468
1033 1083
1033 1189
1033 1383
1033 1610
1033 1761
1033 1961
1033 1996
1034 1211
1035 1342
1035 1433
1035 1758
1035 1820
1035 1858
1035 1930
1036 1274
1036 1326
1036 1482
1036 1658
1036 1732
1037 1566
1037 1830
1038 1073
1038 1190
1038 1229
1038 1343
1038 1349
1038 1383
1038 1507
1038 1551
1039 1387
1039 1435
1039 1448
1039 1753
1039 1771
1039 1855
1039 1873
1040 1086
1040 1421
1040 1442
1040 1526
1040 1814
1041 1140
1041 1238
1041 1594
1041 1787
1042 1255
1042 1389
1042 1676
1042 1845
1042 1892
1043 1314
1043 1735
1044 1206
1044 1341
1044 1479
1044 1491
1044 1603
1044 1909
1044 1938
1045 1191
1045 1738
1045 1868
1046 1136
1046 1328
1046 1920
1047 1376
1047 1828
1047 1881
1048 1107
1048 1226
1048 1261
1048 1363
1049 1107
1049 1175
1049 1233
1049 1344
1049 1620
1050 1101
1050 1190
1050 1259
1050 1279
1050 1424
1050 1463
1050 1527
1050 1699
1050 1860
1051 1165
1051 1418
1051 1512
1051 1628
1051 1749
1051 1799
1051 1852
1051 1858
1052 1487
1052 1954
1053 1300
1053 1325
1053 1498
1053 1606
1053 1737
1054 1263
1054 1309
1054 1465
1054 1871
1054 1906
1054 1923
1055 1169
1055 1204
1055 1262
1055 1319
1055 1483
1055 1574
1055 1654
1055 1808
1055 1998
1056 1210
1056 1329
1056 1437
1056 1572
1056 1797
1056 1838
1057 1155
1057 1362
1057 1610
1057 1739
1057 1788
1057 1830
1058 1106
1058 1209
1058 1303
1058 1437
1058 1565
1058 1588
1059 1102
1059 1121
1059 1669
1059 1701
1059 1751
1059 1872
1060 1244
1060 1615
1060 1871
1061 1118
1061 1352
1061 1367
1061 1512
1061 1670
1062 1188
1062 1320
1062 1972
1063 1093
1063 1177
1063 1389
1063 1477
1063 1638
1063 1806
1063 1935
1064 1149
1064 1343
1064 1395
1064 1929
1065 1382
1065 1793
1065 1920
1066 1086
1066 1305
1066 1366
1067 1151
1067 1600
1067 1654
1067 1910
1067 1968
1067 1976
1068 1330
1068 1402
1068 1993
1069 1816
1070 1232
1070 1818
1070 1905
1071 1451
1071 1680
1071 1982
1072 1560
1072 1599
1072 1673
1072 1736
1072 1784
1072 1967
1073 1162
1073 1352
1073 1407
1073 1500
1073 1535
1073 1629
1073 1730
1074 1222
1074 1250
1074 1498
1074 1526
1074 1854
1075 1089
1075 1260
1075 1454
1075 1588
1075 1789
1075 1993
1076 1159
1076 1550
1076 1721
1076 1884
1076 1942
1077 1498
1077 1994
1078 1445
1078 1480
1078 1483
1078 1515
1078 1599
1078 1874
1079 1085
1079 1388
1080 1260
1080 1324
1081 1206
1081 1215
1081 1266
1081 1905
1082 1093
1082 1279
1082 1712
1082 1990
1083 1344
1083 1711
1084 1180
1084 1348
1084 1369
1084 1376
1084 1406
1084 1715
1085 1175
1085 1356
1085 1390
1085 1534
1085 1881
1085 1976
1086 1095
1086 1357
1086 1365
1086 1410
1086 1483
1086 1539
1087 1135
1087 1201
1087 1348
1087 1402
1087 1410
1087 1602
1087 1634
1088 1120
1088 1316
1088 1788
1088 1923
1089 1195
1089 1203
1089 1222
1089 1229
1089 1450
1089 1656
1089 1672
1089 1676
1089 1780
1089 1794
1089 1882
1090 1161
1090 1360
1090 1504
1091 1220
1091 1917
1092 1602
1092 1755
1092 1998
1093 1404
1093 1549
1094 1265
1094 1860
1095 1244
1095 1715
1095 1955
1096 1303
1096 1393
1096 1574
1097 1316
1097 1358
1097 1380
1097 1480
1097 1766
1098 1336
1098 1421
1098 1530
1098 1696
1098 1868
1099 1552
1099 1690
1100 1119
1100 1372
1100 1617
1100 1739
1100 1775
1100 1853
1100 1861
1101 1193
1101 1208
1101 1446
1101 1509
1101 1974
1101 1976
1102 1405
1102 1469
1102 1560
1102 1667
1102 1799
1103 1247
1103 1360
1103 1755
1104 1427
1104 1846
1104 1932
1105 1364
1105 1378
1105 1529
1105 1768
1106 1317
1106 1519
1106 1572
1107 1206
1107 1590
1107 1639
1107 1683
1107 1857
1108 1111
1108 1114
1108 1119
1108 1256
1108 1912
1108 1983
1109 1145
1109 1527
1109 1579
1109 1955
1110 1687
1110 1970
1111 1345
1111 1722
1111 1745
1112 1289
1112 1404
1112 1882
1113 1263
1113 1316
1113 1417
1113 1613
1113 1762
1114 1903
1115 1283
1115 1619
1116 1401
1116 1465
1116 1709
1117 1283
1117 1901
1117 1954
1118 1858
1118 1864
1118 1989
1119 1191
1119 1330
1119 1548
1119 1912
1119 1981
1120 1492
1120 1494
1120 1562
1120 1639
1120 1872
1120 1912
1121 1479
1122 1353
1122 1507
1122 1703
1123 1306
1123 1434
1123 1610
1123 1855
1123 1910
1124 1235
1124 1716
1124 1861
1125 1283
1125 1547
1125 1566
1125 1674
1125 1935
1126 1298
1126 1663
1126 1808
1126 1856
1126 1968
1127 1282
1127 1284
1127 1344
1127 1495
1127 1584
1127 1735
1127 1997
1128 1669
1128 1731
1128 1832
1128 1931
1129 1377
1129 1455
1129 1497
1129 1563
1129 1637
1130 1196
1130 1435
1130 1456
1130 1560
1130 1818
1130 1903
1131 1220
1131 1416
1131 1447
1131 1514
1131 1641
1131 1655
1131 1768
1131 1776
1131 1862
1131 1900
1132 1553
1132 1565
1132 1712
1132 1735
1132 1856
1133 1808
1133 1840
1133 1892
1134 1310
1134 1394
1134 1926
1135 1296
1135 1312
1135 1570
1135 1683
1135 1859
1135 1980
1136 1323
1136 1398
1136 1408
1136 1714
1136 1753
1136 1857
1136 1963
1137 1976
1138 1321
1138 1518
1138 1808
1139 1204
1139 1221
1139 1268
1139 1407
1139 1547
1139 1633
1139 1833
1139 1951
1140 1284
1140 1337
1140 1594
1140 1632
1140 1702
1140 1773
1140 1846
1140 1967
1141 1536
1141 1612
1141 1879
1142 1327
1142 1457
1142 1863
1142 1964
1143 1283
1143 1561
1144 1264
1144 1477
1145 1327
1145 1401
1145 1639
1145 1838
1145 1942
1146 1511
1146 1770
1146 1883
1146 1938
1146 1983
1147 1173
1147 1253
1147 1262
1147 1416
1147 1907
1148 1650
1148 1746
1148 1939
1149 1214
1149 1748
1149 1789
1150 1296
1150 1573
1150 1647
1150 1674
1150 1704
1150 1835
1150 1991
1151 1737
1152 1204
1152 1625
1152 1651
1152 1850
1153 1312
1153 1956
1154 1606
1154 1932
1154 1956
1154 1965
1155 1185
1155 1220
1155 1241
1155 1403
1155 1426
1155 1676
1155 1689
1155 1719
1156 1245
1156 1261
1156 1300
1156 1352
1156 1704
1156 1789
1156 1803
1156 1841
1156 1874
1157 1818
1158 1395
1158 1656
1158 1692
1158 1718
1158 1728
1158 1841
1158 1960
1159 1213
1159 1823
1159 1990
1160 1486
1160 1668
1160 1954
1161 1211
1161 1528
1161 1760
1161 1843
1162 1435
1162 1638
1162 1862
1162 1976
1163 1276
1163 1284
1163 1731
1163 1859
1163 1873
1163 1977
1164 1211
1164 1408
1165 1718
1165 1930
1166 1497
1166 1658
1166 1751
1166 1800
1166 1873
1166 1926
1167 1173
1167 1266
1167 1328
1167 1480
1167 1618
1167 1714
1167 1754
1167 1993
1168 1262
1168 1325
1168 1580
1168 1709
1168 1976
1169 1292
1169 1319
1169 1677
1169 1829
1169 1942
1170 1177
1170 1557
1170 1637
1170 1767
1170 1945
1171 1438
1172 1218
1172 1270
1172 1633
1172 1845
1173 1273
1173 1589
1173 1636
1173 1677
1173 1728
1173 1814
1173 1827
1174 1180
1174 1616
1175 1297
1175 1571
1175 1889
1175 1933
1176 1429
1176 1463
1177 1687
1177 1826
1177 1927
1177 1930
1178 1385
1178 1403
1178 1522
1178 1692
1178 1728
1179 1236
1179 1551
1179 1559
1180 1314
1180 1559
1180 1592
1180 1993
1181 1395
1182 1406
1182 1564
1183 1218
1183 1693
1183 1771
1184 1237
1184 1533
1184 1807
1184 1903
1185 1290
1185 1804
1186 1206
1186 1238
1186 1905
1186 1974
1187 1192
1187 1295
1187 1368
1187 1764
1187 1854
1188 1189
1188 1287
1188 1396
1188 1444
1188 1493
1188 1564
1188 1969
1189 1371
1189 1398
1189 1543
1189 1741
1189 1747
1190 1294
1190 1909
1191 1396
1191 1719
1191 1883
1191 1892
1191 1995
1192 1252
1192 1293
1192 1483
1192 1750
1192 1848
1192 1876
1193 1265
1193 1405
1193 1427
1193 1793
1193 1840
1193 1872
1193 1904
1194 1210
1194 1280
1194 1327
1194 1569
1194 1842
1194 1913
1195 1293
1195 1300
1195 1673
1195 1680
1195 1784
1195 1809
1195 1869
1197 1356
1197 1438
1197 1635
1197 1693
1197 1831
1198 1676
1198 1866
1199 1387
1199 1648
1199 1733
1199 1751
1200 1559
1201 1325
1201 1487
1201 1766
1201 1970
1202 1351
1202 1593
1202 1740
1202 1833
1202 1860
1202 1939
1202 1949
1202 1997
1203 1245
1203 1367
1203 1797
1204 1353
1204 1406
1204 1422
1204 1507
1204 1679
1204 1864
1206 1403
1207 1354
1207 1611
1207 1729
1208 1620
1208 1626
1208 1706
1208 1780
1208 1793
1208 1835
1208 1898
1208 1925
1209 1552
1209 1710
1209 1716
1209 1738
1210 1802
1210 1844
1210 1902
1211 1232
1211 1620
1211 1639
1211 1643
1211 1644
1212 1390
1212 1564
1212 1624
1212 1834
1213 1348
1213 1354
1213 1440
1213 1663
1213 1900
1213 1962
1214 1318
1214 1652
1215 1451
1215 1654
1215 1736
1215 1738
1215 1902
1216 1597
1216 1669
1216 1686
1216 1853
1217 1518
1217 1593
1217 1733
1217 1768
1218 1334
1218 1396
1218 1577
1218 1986
1219 1562
1219 1869
1220 1536
1220 1738
1220 1796
1221 1574
1221 1695
1221 1703
1221 1971
1222 1252
1222 1493
1222 1625
1222 1626
1222 1637
1222 1693
1223 1259
1223 1437
1223 1596
1223 1667
1223 1675
1224 1612
1224 1767
1225 1697
1225 1836
1225 1963
1226 1452
1226 1576
1226 1774
1227 1898
1228 1276
1228 1790
1228 1797
1228 1964
1230 1262
1230 1292
1230 1299
1230 1924
1230 1954
1231 1420
1231 1450
1231 1960
1232 1869
1232 1921
1233 1958
1234 1653
1234 1855
1235 1419
1235 1482
1235 1534
1235 1771
1236 1301
1236 1563
1236 1610
1236 1895
1237 1294
1237 1385
1237 1407
1237 1603
1237 1711
1238 1401
1238 1509
1239 1398
1239 1663
1239 1854
1240 1322
1240 1937
1240 1977
1241 1287
1241 1559
1241 1699
1241 1847
1242 1288
1243 1582
1243 1615
1243 1696
1244 1748
1244 1938
1245 1324
1245 1499
1245 1680
1245 1829
1245 1962
1246 1325
1246 1461
1246 1616
1246 1786
1246 1845
1246 1966
1247 1908
1248 1297
1248 1451
1248 1614
1248 1802
1249 1450
1249 1634
1249 1761
1249 1880
1249 1941
1249 1995
1250 1369
1250 1439
1250 1444
1250 1519
1250 1547
1250 1572
1250 1794
1250 1835
1251 1948
1252 1556
1252 1710
1252 1791
1252 1887
1252 1992
1253 1284
1253 1306
1253 1311
1253 1647
1253 1688
1253 1785
1254 1294
1254 1679
1254 1839
1254 1943
1255 1426
1255 1445
1255 1611
1256 1303
1256 1355
1256 1358
1256 1754
1256 1979
1257 1809
1257 1935
1258 1302
1258 1363
1258 1421
1258 1454
1258 1487
1258 1804
1258 1814
1258 1937
1259 1402
1259 1640
1259 1666
1259 1677
1260 1570
1260 1655
1260 1694
1260 1811
1261 1313
1261 1652
1261 1767
1261 1840
1261 1917
1261 1991
1262 1426
1262 1849
1262 1959
1263 1368
1263 1683
1263 1729
1264 1266
1264 1475
1264 1519
1264 1570
1264 1574
1264 1731
1264 1783
1265 1444
1265 1663
1265 1798
1265 1892
1265 1978
1266 1499
1266 1504
1266 1585
1266 1686
1266 1803
1267 1279
1267 1463
1267 1733
1267 1795
1268 1513
1268 1699
1269 1474
1269 1700
1269 1849
1270 1814
1270 1862
1270 1895
1271 1325
1271 1398
1271 1482
1271 1653
1271 1853
1272 1289
1272 1557
1272 1858
1272 1873
1272 1925
1273 1565
1273 1615
1274 1390
1274 1644
1274 1916
1274 1961
1275 1495
1275 1632
1275 1889
1275 1969
1276 1403
1276 1465
1276 1517
1276 1610
1277 1516
1278 1334
1278 1475
1278 1507
1278 1581
1278 1587
1278 1744
1279 1287
1279 1418
1279 1446
1279 1627
1279 1714
1280 1282
1280 1308
1280 1488
1280 1849
1281 1571
1281 1734
1281 1755
1282 1325
1282 1532
1282 1635
1282 1642
1283 1443
1283 1526
1283 1547
1283 1773
1284 1454
1284 1719
1284 1888
1284 1928
1285 1314
1285 1392
1285 1579
1285 1715
1285 1726
1285 1959
1286 1604
1286 1883
1287 1289
1287 1536
1288 1370
1288 1445
1288 1792
1289 1456
1289 1542
1289 1591
1289 1662
1290 1547
1290 1730
1291 1320
1291 1439
1291 1626
1291 1903
1292 1882
1292 1977
1293 1507
1293 1535
1293 1916
1294 1432
1294 1445
1294 1458
1294 1465
1295 1318
1295 1402
1296 1602
1296 1616
1296 1718
1296 1980
1296 1999
1297 1301
1297 1303
1298 1566
1298 1718
1298 1991
1299 1323
1299 1621
1299 1832
1299 1850
1299 1930
1299 1987
1300 1308
1300 1554
1300 1729
1300 1907
1301 1400
1301 1410
1301 1458
1301 1497
1301 1544
1301 1799
1302 1623
1302 1696
1302 1786
1303 1764
1303 1838
1303 1887
1303 1998
1304 1339
1304 1352
1304 1513
1304 1597
1304 1624
1304 1707
1305 1846
1305 1950
1306 1533
1306 1614
1306 1657
1306 1668
1306 1829
1306 1886
1306 1971
1307 1559
1307 1628
1307 1870
1308 1339
1308 1583
1308 1695
1308 1713
1308 1781
1308 1931
1308 1997
1309 1749
1309 1893
1310 1654
1310 1799
1312 1447
1312 1490
1312 1501
1312 1914
1312 1957
1313 1405
1313 1406
1313 1452
1313 1667
1313 1674
1313 1871
1313 1973
1314 1375
1314 1413
1314 1662
1315 1326
1315 1643
1315 1675
1315 1893
1316 1707
1316 1741
1317 1469
1317 1599
1317 1608
1317 1648
1317 1893
1318 1632
1318 1720
1318 1966
1319 1566
1319 1579
1319 1615
1319 1783
1320 1564
1321 1446
1321 1513
1321 1552
1322 1437
1322 1751
1323 1390
1323 1518
1323 1547
1323 1578
1323 1580
1323 1628
1323 1667
1323 1955
1324 1656
1324 1720
1324 1733
1324 1786
1325 1342
1325 1355
1325 1446
1325 1454
1325 1567
1325 1654
1325 1796
1325 1954
1326 1393
1326 1394
1326 1436
1326 1774
1326 1780
1326 1813
1326 1874
1326 1888
1326 1897
1327 1349
1327 1825
1327 1957
1328 1344
1328 1605
1328 1615
1328 1695
1328 1895
1328 1966
1329 1483
1329 1789
1330 1344
1330 1377
1330 1393
1330 1400
1330 1492
1330 1891
1330 1970
1331 1625
1331 1756
1331 1827
1331 1845
1331 1933
1332 1613
1332 1627
1332 1674
1333 1830
1333 1871
1333 1905
1334 1717
1334 1882
1335 1465
1335 1564
1335 1768
1335 1828
1335 1981
1336 1645
1336 1857
1337 1494
1337 1855
1337 1964
1338 1506
1338 1793
1338 1891
1339 1457
1339 1517
1339 1907
1339 1926
1340 1754
1340 1953
1340 1971
1341 1577
1341 1898
1342 1528
1343 1908
1345 1677
1345 1683
1345 1696
1346 1728
1346 1749
1346 1909
1346 1980
1347 1684
1347 1935
1348 1636
1348 1697
1348 1758
1349 1736
1349 1752
1349 1856
1350 1469
1350 1664
1350 1706
1350 1976
1351 1498
1351 1633
1352 1563
1352 1627
1352 1664
1352 1720
1352 1927
1352 1932
1352 1952
1353 1391
1353 1637
1353 1640
1353 1741
1353 1858
1354 1626
1354 1637
1354 1730
1355 1658
1356 1434
1356 1478
1356 1781
1357 1786
1357 1863
1357 1890
1358 1435
1358 1860
1359 1515
1359 1640
1360 1735
1360 1867
1361 1468
1361 1484
1361 1658
1361 1702
1361 1815
1361 1971
1361 1997
1362 1394
1362 1418
1362 1429
1362 1569
1362 1587
1362 1681
1362 1721
1362 1870
1362 1892
1362 1941
1362 1977
1363 1463
1363 1625
1363 1691
1363 1704
1363 1750
1364 1579
1364 1587
1364 1714
1364 1973
1365 1817
1366 1398
1366 1556
1366 1680
1368 1716
1368 1867
1368 1950
1369 1420
1369 1513
1369 1711
1369 1862
1369 1977
1370 1604
1371 1398
1372 1476
1372 1724
1373 1376
1373 1886
1374 1420
1374 1896
1374 1914
1375 1679
1375 1731
1375 1811
1375 1854
1377 1421
1377 1649
1377 1814
1377 1954
1378 1517
1378 1544
1378 1724
1378 1888
1378 1939
1378 1961
1378 1968
1379 1407
1379 1908
1380 1428
1380 1431
1380 1473
1380 1535
1380 1854
1381 1805
1381 1821
1381 1881
1381 1895
1381 1928
1382 1479
1382 1722
1382 1963
1383 1483
1383 1640
1383 1856
1384 1503
1384 1731
1384 1804
1384 1881
1384 1912
1385 1449
1386 1507
1386 1721
1386 1997
1387 1538
1387 1628
1387 1785
1388 1684
1388 1730
1388 1812
1388 1818
1388 1949
1389 1435
1389 1656
1389 1663
1389 1749
1390 1579
1390 1636
1390 1710
1390 1873
1391 1467
1391 1488
1391 1532
1391 1616
1391 1806
1391 1827
1392 1557
1392 1575
1392 1618
1392 1898
1393 1454
1393 1628
1394 1503
1395 1625
1395 1960
1396 1455
1397 1539
1397 1859
1398 1631
1398 1640
1398 1694
1398 1720
1398 1836
1399 1605
1399 1671
1399 1828
1399 1897
1400 1768
1400 1825
1400 1826
1400 1979
1401 1433
1401 1613
1401 1722
1401 1969
1402 1652
1402 1833
1402 1835
1403 1514
1403 1632
1403 1669
1403 1691
1403 1785
1404 1659
1404 1815
1404 1841
1405 1418
1405 1896
1406 1448
1406 1645
1406 1679
1406 1975
1407 1704
1407 1838
1407 1919
1408 1411
1408 1432
1408 1527
1408 1645
1409 1613
1409 1642
1409 1696
1410 1468
1410 1607
1410 1708
1411 1533
1411 1668
1411 1702
1411 1894
1412 1888
1413 1430
1413 1431
1413 1443
1413 1718
1414 1464
1414 1632
1414 1735
1414 1921
1415 1849
1415 1914
1416 1638
1416 1722
1416 1873
1417 1462
1417 1608
1417 1745
1417 1835
1417 1873
1418 1729
1418 1747
1419 1798
1420 1480
1420 1705
1421 1458
1421 1717
1421 1942
1422 1434
1422 1853
1423 1437
1423 1687
1423 1791
1424 1496
1424 1724
1424 1731
1425 1663
1425 1739
1425 1989
1426 1471
1426 1506
1426 1618
1426 1722
1426 1743
1427 1495
1427 1695
1427 1717
1427 1978
1429 1525
1429 1842
1430 1496
1431 1482
1431 1541
1431 1726
1431 1762
1432 1710
1432 1713
1432 1752
1432 1778
1433 1457
1433 1554
1433 1564
1433 1581
1433 1828
1434 1493
1434 1664
1434 1743
1434 1795
1435 1628
1435 1802
1436 1530
1436 1567
1436 1717
1437 1702
1437 1724
1438 1534
1438 1545
1438 1555
1438 1646
1438 1848
1438 1983
1439 1447
1439 1930
1440 1772
1440 1821
1440 1916
1440 1922
1443 1444
1443 1670
1443 1746
1443 1838
1443 1935
1444 1520
1444 1538
1444 1647
1444 1879
1445 1526
1445 1548
1445 1563
1445 1680
1445 1699
1445 1807
1446 1700
1446 1998
1447 1522
1447 1586
1447 1897
1448 1479
1448 1741
1449 1635
1449 1945
1450 1726
1450 1753
1450 1794
1451 1535
1451 1822
1451 1835
1451 1873
1452 1539
1452 1869
1453 1551
1454 1903
1454 1905
1454 1968
1454 1992
1455 1805
1456 1516
1456 1675
1457 1589
1457 1979
1458 1641
1458 1706
1458 1763
1458 1924
1459 1553
1459 1565
1459 1602
1459 1810
1459 1957
1460 1541
1460 1589
1460 1621
1460 1858
1461 1581
1461 1619
1461 1952
1462 1815
1462 1827
1462 1832
1463 1526
1463 1624
1464 1697
1464 1867
1464 1999
1465 1671
1465 1678
1465 1991
1466 1695
1467 1520
1467 1673
1467 1838
1467 1867
1469 1694
1469 1755
1469 1940
1470 1961
1470 1988
1471 1568
1471 1572
1471 1964
1472 1563
1472 1779
1473 1801
1473 1881
1474 1816
1475 1580
1475 1617
1475 1666
1475 1682
1476 1501
1476 1635
1476 1664
1476 1819
1477 1760
1477 1844
1477 1958
1478 1657
1478 1724
1478 1842
1478 1899
1478 1952
1479 1630
1479 1677
1479 1791
1479 1854
1480 1587
1480 1590
1480 1592
1480 1759
1480 1796
1481 1554
1481 1578
1481 1687
1481 1784
1481 1812
1481 1897
1482 1734
1482 1980
1483 1595
1483 1757
1483 1918
1484 1650
1484 1824
1484 1921
1484 1992
1485 1729
1485 1854
1486 1934
1486 1964
1487 1631
1488 1582
1488 1897
1488 1995
1489 1570
1489 1819
1489 1852
1489 1948
1490 1632
1490 1712
1490 1724
1490 1992
1491 1565
1491 1653
1491 1725
1491 1766
1491 1978
1492 1533
1492 1729
1492 1858
1493 1564
1494 1497
1494 1574
1494 1656
1494 1805
1495 1558
1495 1626
1495 1633
1496 1523
1497 1590
1498 1814
1498 1873
1499 1742
1500 1656
1500 1695
1500 1744
1500 1944
1501 1790
1502 1560
1502 1931
1503 1521
1504 1956
1505 1546
1505 1768
1505 1999
1506 1874
1507 1756
1508 1509
1508 1513
1508 1566
1508 1584
1509 1619
1509 1919
1510 1697
1510 1720
1510 1780
1510 1953
1511 1816
1511 1903
1512 1680
1512 1731
1512 1864
1512 1878
1512 1975
1512 1995
1514 1610
1514 1827
1515 1850
1515 1882
1515 1906
1515 1951
1516 1714
1516 1818
1517 1691
1518 1642
1519 1812
1520 1661
1521 1710
1522 1720
1522 1750
1522 1851
1522 1852
1522 1903
1522 1929
1523 1535
1523 1789
1524 1591
1525 1880
1525 1888
1526 1614
1526 1646
1526 1960
1527 1728
1528 1784
1528 1786
1529 1564
1529 1938
1530 1660
1530 1692
1531 1801
1531 1841
1531 1880
1532 1671
1532 1782
1533 1626
1533 1676
1533 1686
1533 1770
1533 1773
1533 1793
1534 1896
1535 1973
1536 1594
1536 1681
1536 1741
1537 1786
1537 1851
1537 1882
1538 1553
1538 1602
1538 1670
1538 1819
1538 1877
1539 1586
1539 1655
1540 1570
1540 1578
1540 1651
1540 1968
1541 1694
1541 1794
1541 1877
1542 1612
1542 1785
1542 1806
1542 1950
1542 1992
1543 1773
1543 1900
1544 1775
1545 1697
1545 1752
1546 1736
1547 1853
1548 1844
1548 1893
1550 1738
1550 1764
1551 1595
1551 1707
1552 1584
1552 1687
1552 1693
1552 1868
1553 1782
1554 1662
1554 1675
1554 1694
1554 1864
1555 1672
1555 1760
1555 1849
1555 1906
1555 1980
1556 1656
1557 1878
1558 1860
1559 1585
1559 1759
1560 1985
1561 1578
1561 1601
1561 1824
1562 1876
1563 1710
1564 1656
1564 1706
1564 1798
1564 1918
1565 1995
1566 1655
1566 1701
1566 1784
1567 1601
1567 1615
1567 1828
1567 1879
1567 1989
1568 1652
1568 1708
1568 1762
1568 1937
1568 1953
1568 1993
1569 1979
1571 1712
1571 1894
1571 1956
1572 1626
1572 1661
1572 1862
1573 1591
1574 1650
1575 1716
1575 1775
1575 1880
1575 1925
1576 1689
1577 1961
1578 1861
1578 1863
1578 1879
1578 1974
1579 1583
1579 1744
1579 1807
1579 1880
1581 1626
1581 1846
1581 1861
1582 1635
1582 1804
1584 1601
1584 1680
1584 1716
1584 1811
1585 1869
1586 1631
1586 1976
1587 1960
1588 1775
1588 1797
1589 1773
1589 1784
1590 1620
1590 1709
1590 1769
1592 1630
1592 1710
1592 1715
1592 1752
1592 1858
1592 1974
1593 1847
1593 1988
1594 1650
1594 1880
1596 1870
1599 1630
1600 1668
1600 1953
1601 1989
1602 1638
1602 1953
1603 1751
1604 1638
1604 1960
1605 1609
1605 1655
1607 1879
1608 1763
1609 1703
1609 1840
1609 1867
1610 1950
1611 1762
1611 1996
1612 1827
1615 1671
1615 1806
1615 1841
1617 1635
1617 1893
1618 1701
1618 1872
1619 1899
1619 1933
1620 1935
1621 1978
1621 1997
1622 1888
1623 1648
1623 1997
1624 1641
1624 1977
1625 1877
1626 1991
1627 1686
1627 1844
1627 1914
1628 1838
1628 1926
1628 1931
1628 1986
1629 1971
1630 1760
1630 1949
1631 1638
1631 1909
1632 1644
1632 1650
1632 1853
1633 1761
1633 1919
1634 1782
1634 1909
1635 1750
1635 1819
1636 1782
1636 1785
1638 1677
1638 1791
1638 1992
1639 1922
1639 1951
1641 1710
1641 1736
1641 1947
1642 1681
1642 1905
1642 1933
1643 1720
1643 1931
1644 1888
1644 1928
1645 1766
1645 1991
1646 1831
1646 1887
1648 1726
1648 1931
1649 1715
1649 1963
1650 1794
1650 1836
1650 1881
1651 1751
1652 1680
1652 1847
1652 1911
1653 1785
1654 1749
1654 1771
1654 1807
1655 1688
1655 1804
1655 1865
1656 1859
1657 1999
1658 1691
1658 1787
1659 1903
1660 1867
1661 1878
1661 1879
1662 1715
1662 1870
1663 1795
1664 1857
1664 1914
1665 1874
1666 1712
1666 1716
1666 1718
1666 1767
1667 1869
1669 1683
1669 1903
1670 1761
1670 1793
1671 1851
1671 1982
1672 1780
1673 1676
1673 1717
1673 1803
1673 1990
1673 1996
1674 1763
1674 1803
1675 1707
1675 1767
1675 1979
1677 1799
1679 1692
1679 1712
1679 1752
1679 1847
1680 1988
1681 1943
1682 1764
1682 1931
1683 1877
1684 1701
1684 1758
1684 1775
1685 1690
1686 1831
1686 1938
1687 1729
1688 1986
1688 1992
1689 1724
1689 1753
1689 1786
1690 1903
1691 1791
1691 1929
1691 1966
1692 1951
1693 1889
1693 1964
1694 1850
1694 1866
1695 1747
1696 1732
1696 1765
1696 1885
1696 1997
1697 1900
1697 1956
1698 1825
1698 1845
1699 1864
1699 1875
1700 1780
1701 1765
1703 1987
1704 1862
1705 1731
1706 1867
1707 1772
1707 1789
1709 1841
1709 1876
1711 1724
1711 1778
1711 1926
1711 1965
1712 1898
1712 1949
1713 1771
1715 1818
1716 1841
1717 1932
1718 1900
1719 1727
1719 1873
1720 1800
1720 1890
1721 1805
1722 1847
1723 1891
1725 1900
1725 1911
1726 1818
1726 1857
1727 1906
1727 1936
1728 1911
1729 1859
1729 1927
1732 1744
1732 1905
1732 1983
1733 1774
1733 1780
1735 1837
1735 1987
1738 1880
1739 1776
1739 1976
1739 1992
1740 1802
1741 1955
1742 1961
1745 1836
1746 1893
1747 1877
1747 1914
1748 1871
1749 1831
1750 1957
1751 1967
1751 1973
1753 1915
1753 1997
1755 1768
1756 1769
1756 1771
1757 1876
1757 1921
1758 1812
1759 1768
1759 1782
1760 1964
1762 1900
1763 1810
1763 1829
1764 1927
1765 1785
1765 1869
1765 1906
1766 1815
1767 1919
1768 1911
1769 1835
1769 1883
1769 1995
1770 1828
1771 1982
1772 1888
1773 1795
1773 1878
1774 1801
1774 1958
1776 1938
1776 1994
1777 1925
1779 1795
1779 1864
1779 1948
1785 1800
1785 1812
1786 1847
1787 1793
1788 1824
1791 1827
1791 1835
1792 1933
1792 1941
1792 1964
1793 1953
1794 1888
1796 1872
1797 1827
1798 1854
1798 1877
1799 1847
1799 1877
1799 1941
1799 1999
1802 1995
1805 1824
1806 1821
1809 1882
1810 1921
1810 1952
1811 1862
1811 1898
1811 1965
1812 1838
1812 1928
1812 1974
1812 1988
1813 1867
1813 1947
1814 1817
1814 1993
1820 1824
1820 1916
1820 1924
1821 1913
1821 1998
1822 1898
1824 1860
1825 1961
1828 1833
1828 1845
1829 1899
1830 1937
1830 1967
1830 1995
1831 1970
1831 1976
1831 1983
1832 1877
1832 1911
1832 1921
1834 1967
1835 1923
1837 1860
1838 1945
1840 1971
1841 1956
1842 1861
1848 1849
1848 1891
1849 1922
1849 1995
1851 1886
1853 1955
1853 1989
1854 1863
1855 1887
1855 1907
1855 1991
1856 1981
1858 1933
1859 1958
1860 1861
1860 1906
1860 1967
1860 1969
1862 1919
1862 1968
1863 1877
1871 1907
1871 1957
1871 1987
1877 1974
1878 1980
1880 1921
1881 1918
1881 1977
1884 1912
1884 1995
1885 1944
1886 1979
1887 1932
1889 1936
1889 1987
1890 1992
1895 1925
1897 1946
1906 1927
1909 1921
1911 1934
1911 1975
1913 1951
1914 1977
1919 1984
1922 1927
1923 1953
1924 1982
1924 1989
1925 1957
1926 1946
1933 1935
1947 1966
1949 1979
1950 1952
1955 1993
1957 1970
1979 1992
1984 1993
1988 1998
