13 385
15 920
18 1732
26 82
29 1372
33 1913
39 1399
63 349
70 947
71 1938
74 1499
77 738
82 1330
86 362
88 1536
94 1373
102 1824
110 1521
124 1585
125 1579
128 1975
130 1987
146 1339
180 1095
180 1337
198 1680
199 693
202 1009
215 1572
224 918
229 1806
231 790
231 1503
236 475
237 1291
240 1566
243 632
247 693
249 1834
251 1204
265 788
270 608
272 865
277 1684
279 987
279 1616
280 1303
287 968
288 691
289 641
293 656
295 1822
313 1117
317 1069
326 829
332 619
332 1230
351 762
353 892
364 749
381 1598
382 868
382 878
384 434
388 1404
389 619
403 1920
404 1247
414 480
414 1799
422 519
428 1726
430 1960
436 1212
441 534
446 1898
447 582
457 1616
459 1892
460 760
466 485
467 636
475 754
480 1719
487 1647
504 1725
517 1644
521 1074
536 1917
547 847
561 1338
565 1799
575 1962
588 1575
596 1749
640 1642
649 1836
656 1388
658 671
658 822
671 1858
675 1836
682 1487
686 1439
686 1672
688 1055
690 1306
697 1342
705 1958
724 995
730 1842
732 1332
737 1599
765 1814
768 956
779 1020
780 1834
791 863
800 1258
806 820
812 1801
823 1145
844 1588
896 1486
908 1619
951 1506
969 974
969 1286
1006 1046
1017 1228
1020 1194
1025 1680
1071 1585
1086 1321
1101 1966
1109 1300
1135 1844
1156 1564
1172 1826
1180 1195
1198 1216
1230 1998
1233 1768
1249 1270
1253 1781
1261 1309
1283 1769
1287 1420
1290 1431
1295 1911
1375 1952
1397 1565
1404 1650
1432 1652
1477 1856
1510 1952
1556 1833
1562 1853
1563 1595
1564 1989
1576 1818
1614 1965
1641 1765
1705 1974
1720 1929
1852 1863
1889 1981
