0 1
0 2
0 4
0 1029
0 12
0 13
0 15
0 16
0 531
0 20
0 1555
0 22
0 29
0 30
0 546
0 48
0 1074
0 54
0 72
0 79
0 594
0 595
0 88
0 1636
0 102
0 105
0 109
0 630
0 127
0 1157
0 137
0 1168
0 152
0 153
0 157
0 670
0 168
0 190
0 197
0 709
0 719
0 721
0 214
0 1242
0 1247
0 233
0 751
0 766
0 259
0 772
0 1289
0 276
0 300
0 1859
0 838
0 342
0 344
0 1895
0 881
0 1906
0 372
0 1401
0 383
0 1408
0 1923
0 1417
0 397
0 1425
0 933
0 465
0 1501
0 484
0 488
0 1515
0 497
0 504
0 507
1 2
1 3
1 1026
1 5
1 1542
1 1798
1 10
1 1036
1 654
1 1039
1 913
1 18
1 19
1 274
1 1171
1 409
1 26
1 1435
1 28
1 413
1 797
1 1052
1 1182
1 545
1 290
1 35
1 36
1 1190
1 44
1 813
1 1196
1 47
1 303
1 433
1 178
1 687
1 60
1 1724
1 1729
1 1091
1 452
1 454
1 1611
1 1615
1 592
1 338
1 83
1 221
1 742
1 999
1 750
1 240
1 371
1 1142
1 248
2 293
2 6
2 103
2 1319
2 49
3 129
3 261
3 70
3 430
3 272
3 1297
3 408
3 509
5 641
5 134
5 7
5 8
5 9
5 11
5 139
5 781
5 1806
5 1934
5 273
5 787
5 25
5 284
5 412
5 800
5 1441
5 34
5 40
5 1964
5 45
5 1327
5 569
5 59
5 61
5 1741
5 718
5 1109
5 343
5 216
5 92
5 1886
5 223
5 1119
5 481
5 1505
5 1888
5 998
5 1382
5 361
5 747
5 1136
5 1269
5 1017
5 1917
7 14
7 911
7 1952
7 1189
7 294
7 938
7 1965
7 46
7 1071
7 1204
7 437
7 1722
7 1095
7 968
7 1866
7 337
7 601
7 349
7 97
7 1249
7 227
7 1124
7 1770
7 1262
8 1394
9 1059
9 870
9 327
9 905
9 885
9 345
9 91
9 508
10 640
10 1177
10 1810
11 1152
11 521
11 782
11 399
11 17
11 147
11 532
11 21
11 1942
11 1175
11 24
11 542
11 418
11 1186
11 420
11 1062
11 1448
11 172
11 301
11 1455
11 62
11 63
11 193
11 200
11 82
11 726
11 599
11 93
11 1388
11 1530
11 1022
12 163
12 614
12 1414
12 1865
12 204
12 1358
12 1140
12 597
12 189
13 210
14 1248
14 1730
14 932
14 37
14 1038
14 463
14 50
14 659
14 820
14 85
14 57
14 959
15 194
15 1391
15 496
15 566
15 55
16 73
16 1037
16 69
18 417
18 71
18 1067
18 1963
18 1839
18 179
18 84
18 403
18 438
18 23
18 1016
18 1203
18 1300
18 1243
18 1021
19 1920
19 774
19 142
19 32
19 422
19 550
19 52
19 186
19 829
19 1981
19 575
19 1600
19 586
19 854
19 219
19 1117
19 1120
19 367
19 122
19 255
20 353
20 898
20 1121
20 68
20 357
20 644
20 1984
20 680
20 1867
20 53
20 346
20 1404
21 384
21 277
21 1814
21 1696
21 161
21 676
21 38
21 691
21 1845
21 1987
21 207
21 727
21 864
21 1376
21 98
21 868
21 101
21 1126
21 1257
21 1003
21 116
22 81
22 149
22 1877
22 156
22 253
23 1188
24 1411
24 356
24 42
24 76
24 1975
24 626
24 1559
24 1432
24 187
25 1633
25 969
25 27
25 511
26 33
26 323
26 449
26 1128
26 457
26 170
26 114
26 1139
26 278
26 279
26 1590
26 31
27 378
29 1097
29 1386
29 107
29 238
29 1202
29 1114
30 552
30 266
30 43
30 793
30 731
30 1791
31 1698
31 1221
31 78
31 1903
31 180
31 1685
31 151
31 472
32 39
32 1325
32 111
32 1967
32 51
32 148
33 801
33 324
33 996
33 518
33 1989
33 1352
33 553
33 1291
33 431
33 1231
33 918
33 407
33 1654
33 1271
33 316
33 382
33 1727
35 514
35 131
35 1805
35 398
35 1431
35 1818
35 41
35 169
35 1065
35 690
35 309
35 441
35 58
35 64
35 711
35 202
35 206
35 87
35 1752
35 1116
35 96
35 226
35 611
35 739
35 867
35 364
35 620
35 1776
35 115
35 251
36 1930
36 1295
36 1911
36 529
36 661
36 1174
36 669
36 158
36 1440
36 162
36 1453
36 65
36 456
36 220
36 1634
36 1253
36 358
36 615
36 362
36 1007
36 1396
36 502
36 119
36 1270
36 636
36 1277
37 1893
37 231
37 522
37 171
37 80
37 336
37 666
37 282
37 254
37 191
38 165
38 935
38 298
38 269
38 1230
38 374
38 1368
38 860
39 931
39 682
39 145
39 1660
40 308
41 133
42 1416
42 128
42 871
43 520
43 1787
44 234
44 1699
45 66
45 208
45 468
45 1179
46 480
46 330
46 334
46 307
46 90
48 320
48 132
48 902
48 199
48 519
48 329
48 110
48 1265
48 1750
48 1980
49 512
49 195
50 321
50 385
50 1828
50 389
50 517
50 77
50 685
50 1485
50 86
50 1239
50 120
50 1627
50 861
51 1985
51 706
51 1187
51 247
51 1144
52 1540
52 1191
52 1738
52 686
52 1042
52 56
52 603
52 1342
52 1759
53 100
53 1508
53 1768
53 1132
53 205
53 174
53 1524
53 662
53 987
54 159
56 67
56 260
56 1703
56 1033
56 237
56 656
56 1424
56 723
56 314
57 1795
57 967
57 1063
57 106
57 555
57 213
57 1023
59 123
59 94
59 855
60 1018
60 249
62 974
64 295
64 1492
64 1238
64 1495
64 1944
64 188
65 1058
65 164
65 104
65 75
65 1822
66 1024
66 1334
66 222
67 1921
67 291
67 1894
67 423
67 775
67 138
67 524
67 1293
67 1454
67 176
67 894
67 979
67 380
67 184
67 377
67 124
67 126
68 642
68 740
68 143
68 559
68 177
68 753
68 1587
68 244
68 533
68 155
68 863
69 808
69 74
69 108
69 141
69 1363
69 1076
69 121
70 876
73 778
74 1377
74 1612
74 1094
75 482
75 369
75 95
76 937
76 843
76 624
76 339
76 506
76 379
76 252
76 286
77 899
77 196
77 580
77 230
77 647
77 435
77 562
77 181
77 246
77 822
77 852
77 281
77 604
77 285
77 318
78 837
78 296
78 977
78 443
78 605
79 1064
79 1264
79 144
79 315
80 211
81 616
81 292
81 655
82 1101
82 646
83 425
83 714
83 175
83 1328
83 500
83 1147
84 209
85 1666
85 1283
85 434
85 182
85 185
86 192
86 1185
86 1387
86 818
86 405
86 1468
86 541
87 1210
87 794
87 404
88 1935
88 1585
88 89
88 1949
89 780
89 712
91 539
92 1449
94 160
94 771
94 416
96 360
96 983
97 936
97 1422
97 1682
97 125
98 99
98 1638
98 265
98 1804
98 1743
98 113
98 215
98 1628
98 350
98 1151
99 994
99 907
99 250
99 476
100 154
101 1546
102 256
102 1603
102 1509
102 551
102 1480
102 394
102 942
102 243
102 1880
102 118
102 1751
102 536
103 1096
103 419
104 1088
105 776
105 428
105 1237
106 1572
106 235
106 140
106 112
106 530
106 117
108 1192
108 1531
108 684
109 513
109 1158
109 1031
109 1159
109 1544
109 150
109 1302
109 166
109 563
109 1718
109 1086
109 1222
109 466
109 469
109 1879
109 738
109 1772
109 493
109 494
109 242
109 1909
110 561
110 948
110 439
111 1395
112 1927
113 1993
113 1499
114 347
115 388
115 229
115 1129
115 1049
115 639
117 629
118 707
118 135
118 1032
118 748
118 1940
118 757
118 950
119 395
119 1919
120 224
120 130
120 1523
120 1976
120 381
120 1918
121 625
121 1150
121 653
122 225
122 1284
122 1420
122 883
122 1592
122 1498
124 1937
124 1010
124 637
127 744
127 619
127 462
127 1998
127 146
127 853
127 1143
127 1464
127 1212
127 638
128 136
128 299
128 1104
128 245
128 1565
129 1057
129 1322
129 1019
130 824
130 840
130 319
133 803
133 228
133 1162
133 464
133 880
133 1808
133 1365
133 183
133 1754
133 1178
133 1597
134 736
134 1321
134 1106
134 985
136 612
136 1541
136 851
136 1853
138 1195
139 1213
140 332
140 799
140 287
141 352
141 889
142 681
143 804
143 167
143 241
143 761
144 588
149 875
152 1027
152 1332
154 992
154 815
155 479
155 628
155 280
155 1439
156 577
156 387
156 1245
157 705
157 583
157 623
157 341
158 386
159 667
159 236
159 510
160 1645
161 173
164 390
164 1366
166 304
166 600
167 1092
167 1669
167 1726
169 622
170 1537
170 198
170 1586
170 475
170 1311
171 547
171 485
171 1599
171 1742
171 1566
171 1567
177 1602
177 271
178 1734
178 651
178 306
178 755
178 1075
178 1014
178 631
178 1596
178 1373
179 1488
179 897
180 1489
180 635
181 1034
181 847
181 1618
181 722
182 448
182 1153
182 1318
182 811
182 1041
182 275
182 986
182 827
182 1183
183 1497
183 1467
184 483
187 1286
187 1261
187 366
187 1008
187 402
187 406
188 268
189 1536
190 354
190 1172
191 1655
191 1263
192 1009
192 1740
193 1601
193 805
193 806
193 1520
193 790
193 473
193 1630
196 1370
196 203
196 516
197 730
198 1841
199 505
200 201
200 477
200 1598
200 1983
201 1688
201 373
201 440
202 939
202 499
202 758
202 664
203 1409
203 283
203 1275
204 1211
205 489
205 1871
207 1226
207 1330
207 1780
207 217
207 218
208 929
208 410
208 212
209 1851
209 964
209 564
211 427
211 1452
212 834
212 1704
212 879
212 368
212 239
212 1785
214 900
216 1473
216 455
216 1607
216 973
216 495
216 1434
217 396
217 1557
218 708
220 297
220 426
220 492
221 365
222 232
222 264
222 267
222 335
223 1881
224 895
224 591
225 671
225 1134
225 351
226 884
226 1030
227 450
227 645
227 1266
227 1138
231 401
231 1529
231 263
232 400
232 978
233 1305
233 1082
234 501
237 752
237 1313
240 460
241 328
241 617
241 1680
244 289
244 1220
244 262
244 461
246 745
247 317
247 414
247 311
248 1442
248 1604
248 1933
248 1458
248 1173
248 1084
250 574
252 578
252 1990
252 568
252 1995
252 1166
252 467
252 376
252 537
252 1882
253 1254
253 1443
253 581
254 305
255 869
256 257
256 258
257 474
257 572
257 1736
258 741
260 288
260 1209
260 1915
260 549
260 652
260 526
260 697
260 411
260 1240
262 814
262 370
262 915
262 1588
263 325
263 618
263 1868
263 1717
263 633
264 802
264 363
264 658
264 1651
264 788
264 571
264 893
265 515
265 392
265 331
265 1715
265 1112
265 1788
265 445
265 543
266 737
266 535
266 773
266 1764
266 1223
266 1002
266 333
266 302
266 270
266 432
266 850
266 789
266 471
266 857
266 634
266 1852
267 424
267 904
268 579
268 713
268 491
268 886
268 312
268 1181
268 831
274 589
276 945
276 1526
276 762
276 1532
276 1118
277 340
278 1707
278 310
278 375
279 415
280 810
280 1462
281 313
281 429
282 1314
286 1517
286 565
287 928
287 1379
287 326
288 1581
292 632
292 458
292 1346
294 1236
294 1068
296 1732
298 673
298 1678
298 701
298 735
299 609
299 322
299 1317
299 981
300 554
300 348
300 1511
303 672
303 1445
303 1962
303 1131
303 1428
304 792
305 1757
308 891
310 688
311 720
313 1556
313 503
314 760
315 1156
315 694
317 1160
318 648
318 1338
321 947
321 1884
322 1830
323 849
323 1683
323 1697
326 470
327 1860
328 657
328 540
330 1164
333 355
333 1631
335 558
335 1427
336 627
337 1040
337 769
337 956
338 1695
338 498
338 743
340 1456
340 1766
340 1359
341 525
341 1491
342 1413
343 527
345 1664
345 359
345 716
345 733
346 1855
350 957
350 1959
351 459
354 608
354 1415
354 1639
354 393
354 717
354 1872
354 442
357 421
357 677
357 1069
357 534
357 1850
360 590
363 1817
363 1794
364 1103
366 1819
366 486
366 585
366 490
366 844
366 1335
367 784
367 391
368 1773
368 1085
370 1784
370 1460
371 548
371 1053
371 825
373 650
373 663
374 451
375 1208
376 1241
382 1340
382 836
382 702
386 1176
386 1820
386 1135
389 1765
389 1197
389 756
389 1077
391 1105
391 1146
391 1323
393 890
395 841
395 1619
395 807
398 1769
398 1771
398 528
398 447
400 786
400 1595
404 1402
404 1205
404 710
405 675
405 823
405 668
405 573
406 453
406 1087
407 882
408 1644
409 689
409 1308
409 1982
410 1649
410 1739
410 828
411 1496
412 993
412 770
412 759
412 538
413 826
413 910
413 678
415 1892
415 487
415 1552
415 660
415 990
416 1344
416 1902
416 1691
417 1282
417 809
417 1267
417 436
417 1978
417 830
419 607
421 767
423 1403
423 446
424 613
425 1216
425 582
426 1060
429 576
429 556
429 777
432 478
432 695
432 1883
432 764
432 1854
433 1957
433 1991
433 1694
433 1279
436 1767
436 621
436 1554
436 791
436 698
437 1864
437 961
437 1801
438 1000
438 444
438 1533
439 835
440 1643
441 812
447 1326
449 1180
451 683
453 1955
453 1294
455 944
455 703
456 1487
459 1090
459 1521
459 725
459 606
460 1792
460 1012
462 1169
462 1943
462 795
462 699
463 872
463 1285
463 1519
464 1870
465 1089
467 817
470 1621
473 557
473 917
475 596
476 1312
476 1276
477 1484
478 1646
478 734
478 1207
481 1700
481 1875
481 567
481 1145
481 1375
483 610
484 1056
484 1626
484 982
487 995
487 1779
487 693
487 1466
488 1971
489 1083
489 692
490 729
490 1301
494 984
494 873
494 1924
496 1348
497 584
498 1706
498 1046
499 1194
500 1163
501 1329
501 1350
502 679
504 593
512 1826
512 1710
512 1777
512 1659
513 1589
514 908
514 966
515 960
515 901
515 1198
517 1251
517 1797
517 1353
517 746
517 587
517 1070
517 1774
517 1746
518 1381
522 523
522 1463
522 1789
522 1278
524 544
524 1928
524 1577
524 1641
524 1099
524 892
525 1843
526 598
527 1494
529 1050
537 1545
538 1048
538 1969
539 930
540 856
541 1652
544 1973
544 878
545 971
546 862
547 1472
547 570
547 1005
549 839
549 1547
549 845
549 1044
549 1336
550 1705
550 560
550 1273
550 1055
551 1756
551 1591
553 1474
553 912
553 916
553 732
555 1310
557 1272
558 1890
562 785
563 1315
563 1246
563 1775
566 1576
566 649
566 1066
566 1258
566 1072
566 1968
566 1947
569 1410
569 842
569 816
569 1073
570 888
570 1753
570 602
571 920
574 1692
576 1561
576 1020
576 1711
577 763
579 674
579 1512
579 715
579 1617
581 765
581 1931
581 925
585 951
585 919
587 1966
587 1887
588 1665
590 1405
591 1418
591 1712
591 1527
595 1339
596 906
596 1268
599 980
599 927
600 865
600 1371
605 1869
606 1015
607 1228
607 1878
608 923
609 749
609 1423
611 821
612 1100
614 1677
619 1214
619 1102
620 1790
620 1374
623 1834
623 909
624 1760
624 1347
624 1444
624 1125
624 1351
624 921
625 1393
626 1538
626 643
626 1255
626 696
626 724
629 1916
630 798
631 1244
632 1206
633 1647
635 952
635 819
635 1725
639 704
640 1316
640 1471
641 859
643 1113
643 1407
647 962
647 963
647 1799
647 1108
651 783
653 700
660 665
660 922
664 1451
666 1274
666 1690
667 1936
667 1111
671 1013
677 1782
681 1958
683 1972
684 1035
684 1613
685 1583
687 796
688 1004
688 1341
690 953
692 1304
692 874
692 1378
696 1233
698 934
701 1324
701 1170
702 1079
706 946
709 1575
712 768
713 1154
713 1476
713 1364
714 1354
716 1745
716 1629
717 1908
717 1343
720 1288
720 1608
720 1355
720 846
720 1747
720 1309
721 1673
722 1141
723 832
724 1127
727 833
727 1412
727 1061
727 1873
727 728
728 848
728 1833
731 754
732 1115
734 1953
734 1475
734 988
735 991
738 1813
739 1400
739 1716
741 1199
746 1950
751 1457
753 1292
754 1535
755 1362
757 896
757 903
757 1803
757 1679
757 1624
757 1307
757 958
763 877
765 1280
766 1642
767 1477
767 1674
767 1398
770 1252
771 1235
772 1298
772 779
772 1167
773 1043
773 1898
774 924
777 1419
777 943
778 1155
778 1702
779 1081
779 1045
781 941
782 1849
782 866
784 1234
784 1623
786 1862
786 1670
789 1897
790 1426
790 1165
792 1459
793 1306
793 965
796 1133
799 887
803 1225
803 975
806 1837
806 1701
809 1483
811 1098
814 1823
814 1047
819 1948
821 1260
825 1656
825 1569
825 1667
826 914
827 1658
828 1148
828 1885
828 1687
830 1080
830 1107
836 926
840 1662
846 1193
852 1907
853 1657
855 858
857 1281
857 970
857 1580
857 1011
858 1528
858 1513
858 940
859 1793
862 1563
864 1560
867 1816
872 1360
876 1161
880 1926
885 1217
887 976
889 972
891 1025
892 1896
892 1481
892 1149
894 1899
897 1671
900 1385
900 1421
902 1436
904 1337
905 1296
905 1122
905 1525
907 1609
908 1429
912 1713
912 1846
913 1123
913 949
913 1054
914 1447
915 1506
916 1514
919 1910
919 1078
921 1640
922 1755
923 955
925 1490
925 1028
927 1229
930 1224
930 1681
931 1539
931 1287
931 1383
931 1614
931 1749
934 954
935 1137
935 1522
935 989
937 1504
937 1433
937 1130
948 1811
948 1227
948 997
951 1001
954 1184
954 1478
955 1821
955 1653
956 1500
957 1564
967 1390
967 1913
976 1824
981 1922
982 1392
982 1486
983 1006
988 1925
990 1632
993 1051
993 1219
994 1256
997 1218
998 1200
1004 1720
1005 1994
1005 1446
1008 1093
1008 1470
1010 1731
1011 1574
1014 1648
1016 1620
1017 1399
1019 1259
1021 1900
1021 1503
1037 1961
1043 1367
1045 1840
1047 1912
1053 1960
1055 1858
1055 1956
1056 1800
1057 1605
1057 1516
1057 1551
1057 1979
1057 1438
1059 1303
1074 1110
1075 1479
1078 1333
1080 1250
1087 1345
1087 1357
1090 1733
1096 1914
1100 1997
1100 1714
1100 1461
1100 1215
1103 1550
1104 1201
1106 1331
1107 1356
1108 1904
1108 1786
1108 1437
1113 1625
1114 1320
1114 1825
1116 1534
1116 1406
1125 1450
1126 1290
1127 1568
1134 1763
1138 1232
1138 1579
1152 1389
1157 1606
1158 1518
1161 1384
1162 1891
1166 1986
1166 1397
1175 1510
1177 1507
1182 1737
1185 1723
1189 1361
1195 1999
1200 1635
1203 1502
1204 1744
1205 1781
1207 1570
1207 1802
1207 1661
1218 1482
1218 1675
1218 1299
1218 1493
1231 1558
1232 1553
1239 1616
1239 1369
1255 1562
1262 1901
1263 1709
1268 1465
1270 1762
1277 1349
1280 1676
1287 1684
1287 1719
1293 1571
1296 1807
1298 1380
1298 1372
1304 1543
1306 1469
1318 1549
1328 1610
1334 1954
1341 1728
1348 1594
1348 1815
1356 1876
1359 1761
1367 1856
1371 1721
1379 1548
1385 1578
1394 1809
1402 1430
1414 1778
1416 1672
1425 1593
1427 1650
1442 1584
1459 1735
1468 1857
1471 1668
1472 1988
1489 1945
1525 1748
1528 1582
1529 1573
1540 1863
1551 1970
1551 1622
1556 1929
1572 1848
1577 1932
1589 1693
1593 1861
1596 1637
1600 1977
1603 1758
1607 1663
1611 1838
1613 1829
1628 1996
1646 1689
1663 1905
1667 1686
1668 1827
1675 1796
1683 1812
1683 1939
1683 1831
1691 1708
1696 1951
1718 1835
1720 1992
1730 1889
1733 1847
1747 1783
1766 1836
1787 1874
1810 1842
1812 1941
1823 1844
1826 1832
1850 1974
1903 1946
1926 1938
