0 1664
0 1
0 2
0 3
0 4
0 5
0 518
0 903
0 1286
0 9
0 1798
0 11
0 267
0 14
0 18
0 531
0 153
0 1434
0 1817
0 163
0 1321
0 1455
0 816
0 177
0 699
0 1339
0 1724
0 1217
0 67
0 68
0 202
0 79
0 597
0 1878
0 1764
0 746
0 494
0 239
0 245
0 1782
0 888
0 889
1 2
1 3
1 4
1 5
1 7
1 8
1 10
1 11
1 1548
1 269
1 15
1 16
1 20
1 1812
1 22
1 23
1 155
1 677
1 1065
1 299
1 437
1 1974
1 189
1 192
1 589
1 594
1 341
1 86
1 1763
1 358
1 488
1 872
1 106
1 114
1 251
1 767
2 3
2 4
2 150
2 27
2 172
2 174
2 178
2 55
2 58
2 701
2 710
2 851
2 1621
2 983
2 1112
2 217
2 1500
2 1757
2 996
2 252
3 514
3 4
3 6
3 521
3 10
3 394
3 13
3 16
3 17
3 19
3 148
3 789
3 22
3 1046
3 1556
3 25
3 1817
3 31
3 927
3 938
3 49
3 949
3 950
3 1590
3 1467
3 700
3 61
3 1854
3 833
3 69
3 584
3 596
3 730
3 347
3 1121
3 1382
3 107
3 235
3 1393
3 122
3 1276
4 356
4 514
4 38
4 1178
4 1409
4 1415
4 139
4 1588
4 597
4 537
4 218
4 1019
4 28
5 641
5 1283
5 260
5 1414
5 7
5 8
5 136
5 138
5 1419
5 908
5 1932
5 782
5 1911
5 17
5 658
5 659
5 1169
5 154
5 27
5 30
5 804
5 426
5 1708
5 814
5 304
5 52
5 310
5 57
5 569
5 571
5 1466
5 323
5 708
5 455
5 1608
5 201
5 74
5 457
5 842
5 592
5 1744
5 339
5 1364
5 215
5 1624
5 985
5 486
5 1129
5 363
5 238
5 111
5 1263
5 241
5 1266
5 500
5 631
5 250
5 1020
5 125
5 510
6 1027
6 519
6 664
6 167
6 1705
6 176
6 49
6 1712
6 1204
6 183
6 446
6 1086
6 70
6 456
6 1099
6 973
6 1872
6 595
6 1239
6 220
6 478
6 95
6 612
6 744
6 1005
6 1775
6 496
6 887
7 770
7 131
7 132
7 1410
7 1927
7 264
7 1401
7 12
7 147
7 150
7 26
7 283
7 29
7 33
7 34
7 37
7 1191
7 1200
7 305
7 50
7 179
7 317
7 64
7 65
7 448
7 73
7 77
7 847
7 212
7 220
7 222
7 225
7 103
7 871
7 233
7 1004
7 1007
7 242
7 1522
7 116
7 757
7 1651
7 120
7 121
7 379
7 1663
8 259
8 260
8 1672
8 1547
8 12
8 13
8 140
8 527
8 272
8 1806
8 916
8 409
8 1049
8 1689
8 417
8 802
8 44
8 563
8 1335
8 1081
8 58
8 1345
8 324
8 198
8 1095
8 72
8 74
8 1611
8 1870
8 209
8 85
8 1877
8 87
8 601
8 858
8 91
8 1115
8 96
8 227
8 100
8 995
8 1380
8 103
8 1892
8 108
8 1004
8 1144
9 257
9 395
9 529
9 276
9 1686
9 1688
9 26
9 666
9 28
9 157
9 1058
9 1279
9 164
9 935
9 809
9 811
9 428
9 46
9 1070
9 48
9 434
9 1074
9 1587
9 1207
9 449
9 1729
9 198
9 206
9 602
9 865
9 1122
9 99
9 483
9 620
9 117
9 1783
9 634
9 255
10 64
10 1572
10 1988
10 38
10 40
10 1257
10 522
10 1359
10 113
10 625
10 1661
10 1726
11 520
11 396
11 14
11 154
11 923
11 801
11 1700
11 39
11 552
11 812
11 56
11 1338
11 838
11 1350
11 840
11 203
11 1742
11 89
11 604
11 93
11 1379
11 101
11 364
11 118
12 1792
12 387
12 133
12 136
12 392
12 1805
12 142
12 15
12 402
12 19
12 1170
12 21
12 1299
12 279
12 24
12 280
12 407
12 1175
12 1938
12 413
12 30
12 670
12 1053
12 161
12 1055
12 1948
12 1061
12 39
12 936
12 169
12 1453
12 47
12 826
12 1468
12 573
12 63
12 320
12 194
12 1477
12 583
12 1994
12 1355
12 82
12 83
12 84
12 980
12 1235
12 1746
12 601
12 219
12 475
12 1499
12 1884
12 351
12 607
12 1634
12 100
12 1252
12 359
12 235
12 365
12 113
12 242
12 370
12 1905
12 759
12 1661
13 645
13 1298
13 1430
13 1825
13 1579
13 44
13 45
13 942
13 1459
13 1342
13 836
13 1860
13 1372
13 605
13 222
13 875
13 108
13 253
13 511
14 263
14 1289
14 1423
14 274
14 24
14 1953
14 34
14 41
14 316
14 63
14 1218
14 68
14 709
14 330
14 974
14 719
14 1873
15 259
15 1066
15 1457
15 889
16 1123
16 1417
16 330
16 139
16 1610
16 156
16 1874
16 20
16 92
17 768
17 143
17 400
17 1317
17 555
17 177
17 1589
17 567
17 697
17 185
17 60
17 1353
17 202
17 461
17 1379
17 369
17 373
17 760
18 513
18 644
18 1030
18 1674
18 1424
18 25
18 418
18 291
18 42
18 1323
18 430
18 563
18 77
18 1617
18 214
18 859
18 994
18 1520
18 633
19 1157
19 144
19 1170
19 277
19 23
19 29
19 31
19 305
19 51
19 1973
19 1861
19 88
19 1633
19 1890
19 102
19 122
19 874
19 628
19 502
19 506
19 890
20 1413
20 135
20 1655
20 266
20 398
20 145
20 21
20 1685
20 1176
20 1306
20 1307
20 796
20 32
20 544
20 1406
20 163
20 36
20 1575
20 41
20 43
20 171
20 1068
20 302
20 47
20 432
20 1072
20 1458
20 51
20 1581
20 185
20 61
20 317
20 318
20 574
20 1085
20 1725
20 1347
20 1221
20 1734
20 714
20 715
20 971
20 334
20 208
20 1488
20 82
20 1495
20 1369
20 99
20 995
20 102
20 362
20 364
20 119
20 509
20 1278
21 385
21 142
21 158
21 287
21 32
21 1187
21 292
21 1447
21 301
21 431
21 691
21 52
21 949
21 442
21 444
21 1085
21 191
21 66
21 579
21 456
21 210
21 84
21 1622
21 89
21 90
21 1881
21 1247
21 998
21 1127
21 106
21 363
21 236
21 1777
21 1270
21 1531
21 1918
22 76
22 694
22 184
22 157
23 513
23 902
23 783
23 532
23 153
23 1150
23 929
23 35
23 564
23 181
23 1471
23 67
23 325
23 70
23 71
23 1607
23 591
23 126
23 766
24 128
24 33
24 288
24 706
24 770
24 1528
24 561
24 120
24 254
24 1599
25 257
25 135
25 1293
25 655
25 533
25 1045
25 1942
25 160
25 36
25 933
25 166
25 944
25 1073
25 438
25 1719
25 1465
25 829
25 1087
25 581
25 459
25 986
25 350
25 875
25 365
25 1265
25 114
25 119
25 1402
26 98
26 1124
26 1669
26 1832
26 45
26 79
26 469
27 101
27 1482
27 333
27 368
28 773
28 296
28 42
28 635
28 175
28 1296
28 1201
28 1526
28 535
28 1721
28 346
28 59
28 1660
28 127
29 648
29 776
29 587
29 53
30 133
30 613
30 872
30 1158
30 1147
30 524
30 209
30 529
30 147
30 500
30 721
30 983
30 378
30 794
30 383
31 1412
31 281
31 1820
31 414
31 37
31 295
31 679
31 553
31 1450
31 429
31 685
31 1328
31 309
31 56
31 315
31 59
31 957
31 73
31 458
31 75
31 1613
31 81
31 1625
31 1119
31 867
31 1253
31 1000
31 110
31 753
31 1397
31 1656
32 389
32 1803
32 1935
32 1297
32 915
32 276
32 405
32 920
32 1174
32 1300
32 1302
32 1690
32 1451
32 940
32 1325
32 50
32 692
32 1082
32 188
32 1602
32 709
32 83
32 1370
32 733
32 349
32 1120
32 871
32 1895
32 489
32 1514
32 491
32 621
32 367
32 754
32 1266
32 123
32 1662
33 579
33 490
33 731
33 1886
34 771
34 137
34 1937
34 1022
34 151
34 159
34 35
34 1575
34 1717
34 182
34 1206
34 1212
34 190
34 321
34 835
34 723
34 214
34 1240
34 1369
34 730
34 1888
34 97
34 1377
34 1127
34 361
34 749
34 1389
34 249
34 254
35 1105
35 237
36 1160
36 270
36 786
36 1687
36 1691
36 803
36 931
36 176
36 1076
36 1983
36 65
36 66
36 322
36 705
36 72
36 471
36 860
36 95
36 992
36 610
36 245
36 373
37 258
37 134
37 1419
37 410
37 40
37 1192
37 300
37 441
37 57
37 188
37 1341
37 1987
37 461
37 207
37 1753
37 1118
37 994
37 503
38 1056
38 1091
38 936
38 627
38 1146
39 130
39 386
39 292
39 550
39 809
39 43
39 1203
39 692
39 821
39 956
39 704
39 1344
39 707
39 197
39 718
39 81
39 1250
39 1255
39 109
39 1023
40 129
40 146
40 921
40 286
40 1953
40 682
40 173
40 310
40 55
40 315
40 316
40 1853
40 193
40 1223
40 977
40 1233
40 1367
40 97
40 883
40 1779
40 886
40 632
40 1532
41 1671
41 522
41 651
41 907
41 144
41 533
41 1045
41 151
41 408
41 536
41 539
41 413
41 160
41 1316
41 1449
41 1961
41 46
41 1198
41 1718
41 704
41 321
41 1856
41 205
41 852
41 1111
41 216
41 729
41 1112
41 221
41 93
41 94
41 352
41 225
41 606
41 358
41 1260
41 630
41 887
42 640
42 647
42 1033
42 1811
42 161
42 165
42 680
42 1706
42 1965
42 688
42 314
42 1986
42 1348
42 75
42 336
42 848
42 469
42 87
42 344
42 989
42 1759
42 1507
42 104
42 360
42 1275
42 124
42 253
43 1665
43 326
43 269
43 78
43 1521
43 149
44 212
44 216
44 1755
44 91
44 1118
45 737
45 932
45 996
45 1606
45 1963
45 1292
45 623
45 434
45 596
45 1077
45 1629
45 94
45 1215
46 134
46 551
46 937
46 696
46 1231
46 1456
46 1523
46 54
46 312
46 125
46 62
47 170
47 1452
47 431
47 48
47 273
47 1332
47 282
47 1981
48 231
48 747
48 111
48 728
48 251
49 675
49 1512
49 1003
49 1358
49 849
49 211
49 1172
49 1051
50 298
50 906
50 495
50 183
50 158
51 482
51 997
51 905
51 1834
51 843
51 1195
51 1929
51 1879
51 817
51 178
51 885
51 1015
51 570
51 1596
51 1310
52 128
52 528
52 1942
52 663
52 1433
52 1050
52 667
52 411
52 1057
52 1189
52 424
52 53
52 54
52 60
52 1092
52 197
52 966
52 1735
52 1736
52 972
52 334
52 80
52 1620
52 90
52 863
52 999
52 497
52 505
52 1407
53 640
53 515
53 278
53 283
53 285
53 1439
53 1694
53 929
53 546
53 802
53 805
53 423
53 443
53 187
53 1088
53 1473
53 834
53 199
53 1738
53 1365
53 856
53 1373
53 107
53 109
53 1901
53 112
53 1268
53 758
53 1399
54 1028
54 1285
54 1804
54 1166
54 662
54 152
54 547
54 676
54 682
54 303
54 689
54 1481
54 1228
54 213
54 85
54 471
54 494
54 498
54 634
55 487
55 268
55 1325
56 769
56 231
56 743
56 1163
56 1101
56 959
56 599
56 345
56 541
56 62
57 775
57 1431
57 1437
57 549
57 168
57 825
57 69
57 200
57 78
57 1617
57 86
57 474
57 477
57 223
57 878
57 879
57 1134
57 250
57 124
58 967
59 1408
59 232
59 88
59 1086
60 1281
60 1633
60 323
60 195
60 661
60 118
61 1569
61 131
61 357
61 743
61 271
61 943
61 1268
61 1823
62 196
62 71
62 1704
62 201
62 746
62 1357
62 817
62 402
62 1171
62 1300
62 599
62 346
62 571
62 1116
62 318
63 645
63 1126
63 1928
63 713
63 1226
63 1838
63 562
63 1427
63 1939
63 1081
64 1056
64 391
64 844
64 972
64 149
64 1273
64 508
65 193
65 1668
65 1014
65 765
66 898
66 234
66 683
66 76
66 1489
66 884
66 1594
66 439
66 313
66 1562
67 451
67 423
67 299
67 115
67 1524
68 897
68 263
68 636
69 1330
69 371
69 499
69 117
70 1442
70 1251
70 774
70 555
70 786
70 1716
70 309
70 1590
70 1241
71 192
71 964
71 493
71 1650
73 344
73 890
73 187
74 384
74 769
74 1314
74 297
74 1324
74 205
74 1654
74 92
74 766
75 322
75 375
75 1980
76 1244
77 519
77 236
77 1197
77 441
77 958
78 338
78 517
79 80
79 499
79 1337
80 1984
80 165
80 293
80 1229
80 143
80 207
80 243
80 372
80 825
80 219
80 414
81 196
81 1096
81 266
81 174
81 591
81 1135
81 1720
81 1715
81 507
81 184
81 379
81 1150
82 1739
82 121
82 826
83 1089
83 590
84 98
84 1895
84 1136
84 914
84 1750
84 858
84 635
84 831
85 170
85 138
85 1386
85 1261
85 303
85 467
86 1958
86 1096
86 526
86 110
86 915
86 822
86 252
86 959
87 129
87 487
87 1447
87 237
87 910
87 116
87 372
87 725
87 535
88 1982
88 246
89 1892
89 1789
89 1131
89 1756
89 765
90 1283
90 964
90 215
90 1436
91 512
91 1248
91 162
91 1924
91 415
91 968
91 781
91 590
91 1071
91 1262
91 703
91 1776
91 727
91 127
91 159
92 452
92 614
92 1146
93 580
93 169
93 524
93 146
93 467
93 1971
93 662
93 952
94 96
94 449
94 516
94 265
94 650
94 204
94 141
94 1423
94 275
94 789
94 855
94 824
94 442
94 990
95 481
95 1313
95 390
95 525
95 465
95 1594
95 923
96 736
96 296
96 1833
96 622
96 463
96 1626
96 246
96 1239
96 1848
96 186
96 479
97 1536
97 1793
97 781
97 1039
97 1295
97 1821
97 675
97 180
97 1207
97 569
97 1214
97 1614
97 1110
97 1883
97 1629
97 609
97 105
97 362
97 1529
98 130
98 869
98 1768
98 873
98 508
98 1970
98 1272
98 697
98 412
98 1663
99 1155
99 717
99 240
99 853
99 948
99 282
99 699
99 286
100 261
100 284
100 1277
101 105
101 924
101 1164
101 241
101 796
101 1309
102 256
102 213
102 472
103 224
103 641
103 1406
103 1730
103 1668
103 104
103 1223
103 335
103 1143
103 1079
103 1498
103 348
103 1277
103 190
104 710
104 1703
104 302
104 145
104 1208
104 892
105 544
105 1634
105 359
105 393
105 1322
105 1801
105 526
105 1071
105 656
105 1199
105 690
105 1262
105 248
105 313
105 891
106 593
106 1351
108 417
108 577
108 844
108 847
108 208
108 946
108 468
108 1334
108 951
108 1816
108 217
108 828
109 453
109 123
110 490
110 397
110 756
110 377
110 668
111 357
111 616
111 1256
111 893
111 112
111 1329
111 115
111 445
112 1962
112 884
112 1307
112 1628
112 638
113 515
113 654
113 1550
113 1425
113 152
113 1305
113 1195
113 556
113 943
113 947
113 1208
113 186
113 1985
113 340
113 354
113 1507
113 1257
113 368
113 371
113 248
114 1504
114 962
114 1509
114 137
114 140
114 882
114 155
114 991
115 518
115 654
115 179
115 1303
115 445
116 228
116 326
116 554
116 405
116 1246
116 1951
117 1537
117 1027
117 1222
117 906
117 376
117 1498
117 126
117 575
118 768
118 203
118 790
119 1259
119 853
120 258
120 1733
120 1710
120 1391
121 1249
121 1225
121 1645
121 560
121 919
121 1008
121 660
121 916
121 663
121 1144
121 1849
121 1115
122 1794
122 1478
122 233
122 1067
122 1487
122 1043
122 1108
122 1402
122 509
123 485
123 614
123 167
123 1031
123 285
124 1544
124 1100
124 1197
124 380
124 797
125 1957
125 1875
125 148
125 1176
126 545
126 229
126 805
126 1573
126 523
126 374
126 1912
127 290
127 457
127 920
127 1563
128 388
128 272
128 624
128 629
128 191
129 294
129 1194
129 466
129 950
129 1273
129 1404
129 1597
130 1830
130 711
130 1099
130 1517
130 1075
130 1244
130 438
130 156
131 132
131 1388
131 1917
131 1902
131 240
131 659
131 374
131 603
132 1921
132 195
132 520
132 141
132 1775
132 1783
133 1303
133 410
133 797
134 1537
134 1477
134 1638
134 1385
134 204
134 653
134 332
134 1524
135 226
135 261
135 454
135 199
135 1034
135 1546
135 1327
135 1392
135 946
135 307
135 1526
135 666
137 930
137 428
137 1581
138 1184
139 706
139 298
139 267
139 175
139 1749
139 1468
139 189
140 480
140 384
140 1380
140 618
140 1259
140 1418
140 1108
140 470
140 1271
140 1178
141 1386
141 683
141 1228
141 173
141 1291
141 857
141 1215
142 1858
142 211
142 247
142 408
142 734
143 162
143 1603
143 836
143 262
143 1734
143 264
143 297
143 1512
143 1930
143 660
143 694
143 218
143 1694
145 256
145 425
145 1754
146 961
146 166
146 329
146 1384
146 1005
146 1238
146 541
146 1951
147 353
147 234
147 1450
147 172
147 588
148 232
148 1938
148 311
149 1220
149 1644
149 1233
149 1301
149 537
149 605
150 869
150 1129
150 492
150 1937
150 306
150 764
150 1117
151 1476
152 164
152 308
152 378
153 271
153 1013
154 1043
154 399
155 329
155 395
155 815
155 1840
155 690
155 381
155 319
156 168
156 1711
157 674
157 1000
157 1578
157 657
157 1139
157 1496
157 505
157 347
157 957
158 293
158 630
159 255
159 331
159 383
160 1565
160 639
161 672
161 1857
161 327
161 1612
161 1362
161 1046
161 1559
161 1245
162 1640
162 917
162 1341
163 477
163 918
164 673
164 194
164 354
164 228
164 421
164 462
164 1326
164 1499
165 693
165 238
166 1285
166 1894
166 843
166 1356
166 273
166 312
167 1475
167 585
167 1883
168 1218
168 403
168 1432
168 447
169 1699
169 1211
169 239
169 243
169 819
169 181
169 1179
171 388
171 516
171 230
171 523
171 460
171 598
171 1655
171 1054
172 210
173 1346
173 1990
173 1287
173 712
173 1735
173 624
173 1855
174 324
174 422
174 433
175 452
175 741
175 764
175 937
175 1422
175 497
175 370
175 1242
176 224
176 1319
176 1133
176 180
176 182
176 311
176 280
176 1145
177 539
178 1256
178 1225
178 339
178 1684
178 726
179 1346
179 1155
179 1219
179 970
179 1514
179 589
179 1052
179 724
179 1175
179 1848
179 1723
179 732
180 1344
180 963
180 1095
180 200
180 279
180 1053
181 928
181 270
181 701
183 642
183 898
183 1284
183 1701
183 678
183 1762
183 394
183 1267
183 436
183 474
184 289
184 900
184 1196
184 719
184 879
184 912
184 1791
184 1049
184 991
185 646
185 206
185 501
185 1717
186 420
187 244
188 416
188 1024
188 1697
188 1670
188 460
188 623
188 688
188 1392
188 277
188 565
188 727
188 478
189 1824
189 328
189 335
189 687
189 433
189 1042
189 1366
189 223
190 547
190 1730
190 229
190 650
190 981
190 1205
190 607
191 1485
192 450
192 1188
192 953
192 1566
193 1126
193 679
194 1443
194 1317
194 1995
194 783
194 435
194 1405
195 1026
196 1701
196 1807
196 626
197 1568
197 1186
197 931
197 1082
197 262
197 686
197 830
197 602
197 381
197 542
198 576
198 1158
198 556
198 559
198 1551
198 1917
199 448
199 1301
200 424
200 1417
200 1999
200 407
200 1596
202 227
202 492
203 1893
203 507
204 608
204 486
204 1929
204 1772
204 400
204 1075
204 1621
205 1249
205 290
205 1583
205 337
205 274
205 849
205 1757
205 415
206 230
206 1577
206 1360
206 404
206 444
206 1437
207 738
207 549
207 838
207 348
208 608
208 1896
208 1226
208 751
208 1242
209 416
209 1539
209 1188
209 458
209 586
209 1131
209 1323
209 244
209 342
209 1494
209 1020
209 287
210 1025
210 619
210 333
210 498
210 819
210 1234
210 1235
210 1910
210 954
210 1403
210 572
211 1760
211 418
211 1672
211 1098
211 1770
211 366
211 399
211 1811
211 1497
211 221
211 543
212 1281
212 711
212 839
212 1641
212 1771
212 307
212 1492
212 823
213 387
213 1034
213 342
214 705
214 226
214 1579
215 577
215 386
215 611
215 294
215 1114
215 1926
215 824
215 1182
216 391
216 622
216 1119
217 291
217 392
217 1518
217 854
217 281
218 649
218 1674
218 1562
219 643
219 999
219 841
219 1999
220 453
220 1230
220 637
220 1919
221 1018
221 484
221 904
221 557
221 1517
221 1236
221 985
221 314
222 421
222 485
222 327
222 1063
222 1159
222 656
222 466
222 284
222 1343
223 1209
223 409
223 939
223 1615
223 1684
224 1837
224 1742
224 1006
224 503
225 1509
225 1488
225 275
225 792
225 1436
226 496
226 1198
227 593
227 1212
228 345
228 1570
229 1737
230 355
230 475
231 1446
231 904
231 1996
231 1363
231 1141
231 573
231 606
231 319
232 306
232 899
234 965
234 646
234 439
234 1272
234 763
234 1087
235 1698
235 548
235 939
235 247
235 989
236 1523
236 1977
236 412
237 1193
237 1905
237 1972
238 800
238 1120
238 390
238 1062
238 716
238 398
238 846
238 911
238 1007
238 1333
238 955
239 289
239 1073
239 854
239 406
239 1534
240 301
240 1516
241 385
241 930
241 745
241 1801
241 945
241 1017
241 1084
242 1800
242 1709
242 723
242 1428
242 1844
242 1946
243 576
243 691
243 1788
244 308
246 870
246 558
246 1180
246 501
246 540
246 893
246 350
247 545
247 1506
247 1060
247 1367
247 440
247 349
248 1920
248 419
248 360
248 594
249 546
250 440
250 720
251 295
252 1515
252 1899
252 1778
252 375
252 600
252 473
252 382
253 585
253 1494
253 668
253 1727
254 268
254 338
254 343
254 1465
254 1853
255 300
255 1583
257 652
258 559
258 337
258 820
259 833
259 1510
259 583
259 850
259 1907
259 1877
259 1243
259 798
260 897
260 483
260 1289
260 1480
260 1102
260 861
261 1376
261 1573
261 680
261 1898
261 1263
261 978
261 376
262 454
262 1445
262 1483
262 1069
262 721
262 955
263 1527
263 534
264 1600
264 642
264 265
264 1385
264 1738
264 1270
264 735
265 749
265 925
266 352
266 1410
266 1060
266 426
266 750
266 1486
266 278
266 470
266 1462
266 1245
267 528
267 1828
270 1432
270 1549
271 776
271 1377
272 468
272 615
273 737
273 332
273 397
273 1037
273 752
273 1935
273 404
273 829
273 799
274 1044
276 288
276 1670
276 874
276 1900
276 304
276 880
276 540
276 447
277 525
277 1751
277 671
278 1731
278 1190
278 1836
278 881
278 531
278 1267
278 799
279 1349
279 619
279 459
279 369
279 860
280 681
280 658
280 1148
281 1177
281 1542
281 1337
281 1671
281 1132
281 462
281 1679
281 639
282 1675
284 582
284 396
284 1036
284 626
284 891
285 1536
285 1156
285 762
286 328
286 941
286 1847
286 1400
286 1598
287 739
287 1686
287 411
288 450
288 1703
288 463
288 1846
289 1438
291 1001
291 784
291 944
291 1656
291 1149
292 1378
292 1639
292 812
292 340
292 759
293 1288
294 356
294 945
294 1777
294 476
295 1819
295 1764
295 425
295 1067
295 913
295 1809
295 671
296 1955
296 538
296 947
296 986
298 712
298 1903
299 1640
300 673
302 1716
303 1643
303 436
303 1117
304 674
304 1006
304 1106
304 883
305 938
305 422
306 1122
306 1635
306 617
306 1352
306 813
306 366
306 1366
306 1818
306 511
307 1016
307 465
309 1431
309 1600
311 331
312 320
312 609
312 610
312 1506
312 554
312 1036
315 700
315 464
316 707
316 325
316 933
316 560
316 1269
316 343
317 961
317 1479
317 1548
318 676
318 1033
318 625
319 1156
319 1422
319 1681
319 1015
319 827
319 862
320 1336
320 748
320 976
321 1002
321 1454
322 355
322 1841
322 1114
323 638
324 620
324 1012
324 631
324 351
325 572
326 484
326 429
327 536
328 510
328 1558
328 827
329 1280
329 353
329 578
329 1673
329 1835
329 401
329 1973
329 1343
331 1490
332 1395
333 336
334 1358
335 464
335 881
335 729
335 1247
336 971
336 978
336 1780
336 1749
336 1430
336 1628
337 1152
337 341
338 1739
338 717
338 1652
338 828
340 1636
340 1702
340 361
340 876
341 1128
341 629
341 538
341 894
342 1702
342 1992
342 1933
343 1408
343 982
344 1029
344 1398
345 1092
345 521
345 1815
345 1805
345 1143
345 795
346 401
346 1841
347 1354
347 1134
348 480
348 1696
348 1123
348 648
348 1649
348 595
348 437
348 566
348 1429
348 1147
349 1324
349 1913
349 1535
350 772
352 1920
352 1952
352 1260
353 588
354 1839
354 628
354 1434
354 543
356 377
356 1706
357 969
357 1167
357 1361
357 1426
357 1843
357 1748
357 1493
357 791
357 1752
357 1183
359 580
359 1224
359 446
360 1141
361 818
362 1871
363 1521
364 419
364 427
364 574
365 548
365 870
365 567
365 927
366 427
366 367
366 1396
367 420
367 1766
367 1294
367 1140
367 534
367 1975
368 740
368 435
368 380
369 1412
369 561
369 1179
369 1695
371 1287
371 615
371 1975
372 703
372 1365
374 1405
374 1037
375 430
376 1984
376 998
376 558
376 1137
376 403
376 1555
376 1855
377 715
377 1103
377 382
378 864
378 1315
378 389
378 1471
378 652
378 689
378 888
378 693
378 1754
378 1627
378 732
378 1725
378 1311
379 1183
379 649
380 684
380 771
381 482
381 451
381 1062
381 747
381 657
382 1858
382 1137
382 1399
383 1014
384 1216
384 1986
384 1807
384 1903
384 476
385 643
385 969
385 1610
386 1502
386 742
386 582
386 1790
386 1683
386 1206
386 762
386 702
387 481
387 1162
387 1648
387 753
387 1041
387 1623
387 1403
389 393
392 581
392 587
392 1042
393 1756
395 1107
395 1773
396 1769
396 724
396 795
397 818
397 1846
397 952
397 1311
398 1856
398 1094
398 586
398 780
398 1645
398 1713
399 899
399 1766
399 1326
399 1047
399 1592
399 733
400 1390
400 975
401 1258
401 1810
401 570
402 1074
403 512
403 1116
404 616
404 592
404 757
404 443
405 804
405 1520
405 406
405 763
406 813
407 1958
407 745
407 1294
408 552
408 1100
409 1852
410 527
411 1080
412 866
412 977
412 504
412 1306
412 1882
412 479
413 1149
413 633
414 1535
414 1331
415 1760
415 866
415 932
415 837
415 1797
415 1862
415 1224
415 1867
415 1420
415 1165
415 1421
415 530
415 788
415 917
415 831
416 832
416 1388
416 1837
416 1340
416 1279
417 992
417 1031
418 557
418 903
419 1162
419 1980
419 1374
420 1203
422 1649
422 777
423 1124
423 708
423 1347
423 1832
423 1194
423 1773
423 1230
423 1231
423 1454
423 1013
424 1911
425 773
425 647
425 1932
425 695
425 1466
425 1435
425 1631
426 600
426 1641
427 845
427 852
428 1097
429 832
429 803
429 1638
429 1928
429 575
430 1956
430 432
430 473
430 794
430 767
431 488
431 1647
431 504
431 1885
431 926
432 1440
432 900
432 1322
432 1710
432 1009
432 1650
432 1970
432 1236
432 1558
432 760
432 1145
432 1372
434 1728
434 1570
434 1383
434 910
434 785
434 851
434 1335
435 928
435 1234
435 1693
435 990
436 1827
436 911
436 1747
436 1240
436 1945
437 1765
437 1094
438 1217
438 1059
438 1518
439 655
439 1104
439 495
439 1653
439 1784
440 1713
440 1363
441 584
441 1996
441 686
441 1487
441 1396
442 966
446 1508
446 491
446 1398
446 1177
447 1476
447 489
447 1814
447 1527
448 967
449 578
449 744
449 553
449 905
449 1898
450 1371
451 839
451 455
451 1209
453 714
453 1329
453 696
454 1464
454 1627
455 672
455 651
455 564
455 637
456 808
456 1662
457 1637
457 1484
457 1740
457 718
457 1977
458 1602
458 551
458 684
458 1140
458 598
458 472
458 1080
458 926
459 1505
459 1995
459 1356
459 530
459 981
459 1910
460 756
460 1173
461 1998
462 1445
462 542
463 1409
463 1707
463 566
463 823
463 632
463 1758
465 1051
465 517
466 1220
466 618
466 493
466 1211
468 810
468 1168
468 1659
468 1692
471 1485
471 568
471 1083
471 1533
471 1726
472 1845
473 1529
473 1154
474 713
474 752
474 1426
474 1944
475 1345
475 1545
475 970
475 562
475 1395
476 1927
477 617
477 1130
477 502
477 603
477 1470
478 1282
479 1576
480 1098
480 830
481 785
482 1944
482 1508
483 1190
484 1321
486 960
486 901
486 1648
486 698
487 1625
488 1352
489 835
489 807
489 877
489 1677
489 1711
489 1040
494 1612
494 506
494 1151
495 1032
495 1587
496 1292
497 779
499 1354
501 962
501 612
501 1676
501 909
501 973
501 1010
501 1560
502 1923
502 868
502 1305
503 1411
504 1169
505 1705
505 726
507 1216
507 1797
507 550
507 1646
507 1199
507 1210
508 644
508 1768
508 790
508 793
509 1714
509 801
511 808
511 1936
511 922
511 667
512 1696
512 806
512 532
512 1588
512 664
512 1786
513 1229
513 755
513 953
515 1064
516 1192
516 748
516 669
517 1899
517 1613
517 1038
517 761
518 1088
519 1442
519 1964
519 1390
519 1105
519 855
519 1182
520 1376
520 1064
520 810
521 868
521 1763
521 627
521 984
522 1333
523 1820
524 687
524 1173
524 1048
525 856
526 1387
526 1658
526 988
527 1966
527 720
527 568
528 774
530 1538
531 722
531 1866
533 1038
536 621
537 1850
537 1061
538 1314
538 791
538 987
538 1180
539 1765
539 1822
540 1802
540 1567
541 958
541 886
542 1497
542 1884
542 670
544 1107
544 1237
546 1291
547 1647
548 1130
548 1740
550 960
550 565
552 1474
553 611
553 1543
553 1644
553 1967
553 734
554 778
555 665
555 604
556 681
556 669
557 993
557 1732
557 1128
557 1770
557 722
557 761
559 816
562 1444
562 963
563 1181
564 1276
564 1614
565 800
565 1762
565 677
565 1957
565 1989
565 1353
565 1066
565 1592
565 1072
565 725
565 1308
565 728
566 787
566 798
568 1510
568 1678
568 1946
568 1019
570 1945
570 1503
571 1741
571 636
571 1181
572 1035
572 1894
573 1414
573 1458
573 1018
574 1831
574 735
577 1680
577 1154
579 741
579 685
579 1784
579 698
579 1533
580 1500
581 806
581 1069
581 862
582 1338
583 880
583 695
585 1810
586 1274
586 702
587 665
588 1159
588 1065
589 1330
589 820
589 1401
590 913
590 758
590 1852
591 1744
592 1435
594 742
595 865
596 1597
597 1847
598 1222
598 1736
598 1456
600 1865
600 1003
603 821
604 754
605 1871
605 1681
605 1747
605 1557
605 1690
605 894
606 788
607 1774
607 1808
607 1394
607 1619
608 1478
608 1171
608 1339
611 1845
612 1922
612 841
612 653
612 750
612 975
614 885
614 1084
615 1090
615 1925
616 942
617 1722
618 1857
618 782
619 1351
619 780
619 793
619 1210
620 1557
622 811
624 1669
625 1163
625 1407
626 1582
626 661
626 1882
626 1021
627 864
627 1708
627 1148
628 902
630 784
632 1161
632 1009
632 1653
634 954
634 1451
635 1632
637 736
638 1370
639 1604
639 1375
640 1667
642 1093
642 1719
642 1359
642 850
642 1010
642 1874
642 982
642 1304
642 1083
645 1567
645 1693
646 1541
646 845
646 878
646 1943
646 1299
646 919
651 907
651 1997
651 1174
655 775
655 1416
655 1373
656 738
656 815
656 1561
658 772
658 1316
658 1998
658 1552
658 1909
659 1427
659 1606
661 739
662 778
664 1851
665 987
667 678
667 1916
667 1055
669 1312
671 1121
673 1666
673 867
673 1133
674 1748
674 1232
677 1553
679 876
679 1011
679 1237
680 1312
680 807
680 941
680 1683
680 1595
681 1172
681 1331
682 731
684 1632
686 1048
687 1110
689 1298
689 1646
690 1024
690 1460
691 1357
692 777
692 1796
695 792
696 1794
696 1842
700 1443
700 968
700 908
700 924
701 1781
701 1580
702 1869
702 861
703 1955
703 1925
705 1078
705 1136
706 1113
706 1692
707 1058
707 716
708 1132
709 1959
709 1063
711 859
711 951
714 1534
715 1559
716 984
717 1976
717 1991
718 1202
719 1464
719 1166
719 1615
719 755
719 1016
719 1722
720 1271
720 740
721 896
721 1420
721 1463
722 779
722 1504
725 1411
726 1444
732 1057
732 895
733 1193
733 1002
733 1678
733 1109
733 1886
735 1202
736 1544
738 997
738 837
741 840
741 1484
741 1023
742 1968
749 1320
749 751
749 1530
753 1361
754 1954
754 1891
754 1109
758 1813
759 1657
762 1568
763 1191
765 877
765 895
766 1771
766 1165
767 1448
767 1449
768 1185
768 1201
769 1304
772 1854
773 935
774 1948
776 1577
777 1546
778 814
778 1355
780 965
780 1030
781 1026
783 1213
785 1308
786 787
787 1940
788 834
788 1531
789 1909
789 1759
792 1394
792 1111
792 1113
792 1310
795 1012
795 1889
797 1258
797 1875
797 1715
798 1152
799 1336
799 934
801 822
802 1035
803 1186
803 1563
804 882
805 1769
808 1758
809 1153
809 918
813 1859
813 1620
813 988
814 1375
815 1151
816 1800
816 1001
816 1561
818 1586
818 1887
819 1017
819 1079
820 1428
821 1503
822 1093
823 1461
824 1828
824 1461
826 1926
826 1542
826 848
827 873
827 1511
828 1479
828 1421
828 1618
829 914
832 892
833 1538
834 1870
834 1327
834 956
836 1221
836 846
836 1052
837 934
839 1566
840 1265
840 901
841 1889
841 1213
844 909
844 1679
844 1491
844 1850
845 863
848 857
848 1103
849 1255
851 979
851 1205
853 922
853 1540
855 896
856 1374
856 1822
862 921
864 1457
865 1022
866 1873
866 1791
868 1381
868 1160
868 1068
868 1676
868 1933
868 1842
868 948
872 1952
872 1047
873 1605
873 1040
873 1978
874 1483
876 1288
877 993
877 1761
877 1861
877 1246
879 1168
880 1278
881 1565
882 1241
885 1916
886 1089
886 1008
886 1232
887 979
892 1059
892 1254
892 1960
893 1028
893 1788
894 1302
895 1025
895 1990
895 1931
895 1164
895 1963
896 940
898 1284
899 1513
900 1897
904 1689
905 1286
906 1947
906 1796
908 1954
908 1539
908 1580
908 1439
909 974
911 1227
913 1157
913 1135
913 1332
913 1077
913 1591
914 1745
914 925
916 1525
918 1603
918 1161
918 1673
918 1622
922 1960
924 1264
924 1102
925 1078
926 1264
928 1776
928 1138
929 1513
929 1902
932 1328
932 1642
936 1919
939 1599
940 1227
941 1021
944 1153
945 1293
945 1659
945 1949
949 1979
950 1789
950 1342
951 1041
951 1011
954 976
954 1979
955 1956
956 1569
957 1571
959 1184
961 1971
962 1350
962 1469
963 1872
966 1104
966 1469
966 1054
967 1196
973 1070
975 1554
975 1044
976 1296
978 1138
978 1982
979 1397
980 1090
982 1313
982 1250
982 1983
983 1097
983 1364
984 1029
985 1939
986 1743
987 1675
991 1972
994 1219
994 1340
995 1947
999 1274
1002 1540
1002 1295
1006 1185
1007 1384
1009 1362
1010 1525
1010 1867
1011 1878
1012 1530
1013 1091
1013 1897
1014 1050
1014 1595
1018 1125
1018 1968
1018 1969
1018 1204
1019 1039
1020 1309
1022 1582
1024 1665
1024 1732
1025 1906
1026 1826
1027 1843
1029 1698
1031 1032
1035 1200
1035 1812
1039 1896
1039 1254
1040 1348
1042 1609
1042 1667
1044 1936
1048 1660
1048 1378
1051 1269
1052 1785
1054 1290
1054 1463
1055 1904
1056 1666
1058 1904
1058 1915
1059 1415
1060 1495
1065 1076
1069 1914
1069 1630
1069 1695
1071 1965
1072 1637
1072 1101
1072 1618
1072 1368
1072 1723
1078 1844
1079 1795
1085 1252
1085 1253
1085 1885
1088 1605
1088 1780
1089 1516
1089 1349
1090 1571
1092 1400
1093 1275
1095 1616
1097 1519
1097 1106
1097 1142
1098 1687
1099 1578
1100 1501
1100 1125
1101 1142
1103 1601
1104 1545
1106 1511
1106 1737
1106 1691
1109 1474
1109 1416
1109 1519
1109 1139
1110 1838
1112 1492
1113 1334
1117 1643
1121 1987
1122 1728
1123 1593
1123 1707
1125 1697
1125 1924
1127 1441
1127 1751
1128 1907
1128 1806
1130 1940
1136 1320
1138 1833
1138 1906
1139 1849
1139 1189
1140 1472
1142 1418
1142 1393
1142 1782
1142 1721
1144 1863
1146 1941
1147 1482
1147 1167
1149 1251
1151 1761
1155 1624
1155 1440
1156 1746
1156 1799
1158 1282
1158 1863
1158 1371
1160 1455
1167 1187
1173 1549
1174 1574
1174 1383
1174 1934
1174 1584
1174 1429
1176 1733
1176 1808
1176 1630
1177 1787
1180 1997
1180 1261
1185 1452
1185 1876
1185 1851
1186 1961
1186 1923
1187 1767
1187 1880
1187 1658
1188 1635
1190 1887
1191 1921
1193 1280
1198 1993
1198 1950
1199 1601
1199 1704
1204 1585
1204 1795
1210 1813
1211 1381
1213 1214
1216 1880
1216 1829
1219 1818
1221 1677
1222 1700
1223 1745
1227 1560
1227 1741
1229 1248
1230 1238
1231 1319
1234 1608
1237 1685
1238 1547
1239 1712
1241 1470
1245 1626
1246 1389
1247 1473
1253 1642
1254 1607
1254 1551
1255 1315
1257 1840
1258 1821
1261 1541
1266 1834
1266 1360
1266 1433
1269 1718
1269 1772
1271 1664
1271 1974
1272 1888
1272 1438
1273 1864
1274 1425
1274 1290
1275 1778
1278 1522
1284 1779
1284 1636
1285 1424
1286 1966
1286 1967
1287 1297
1288 1318
1288 1576
1288 1901
1289 1528
1294 1836
1295 1446
1296 1554
1297 1611
1300 1505
1300 1318
1302 1586
1305 1584
1310 1793
1314 1962
1314 1382
1317 1989
1325 1591
1326 1496
1326 1891
1328 1502
1332 1616
1333 1459
1342 1368
1346 1467
1349 1802
1350 1472
1350 1825
1354 1404
1355 1598
1355 1391
1356 1826
1356 1532
1357 1814
1360 1543
1365 1819
1365 1619
1371 1489
1371 1798
1374 1585
1375 1481
1378 1729
1379 1786
1382 1387
1383 1460
1389 1475
1392 1918
1396 1491
1397 1589
1398 1572
1398 1876
1398 1623
1399 1413
1399 1654
1405 1908
1405 1881
1405 1724
1411 1699
1415 1930
1416 1555
1418 1976
1422 1556
1425 1978
1425 1441
1427 1515
1428 1908
1429 1890
1431 1988
1433 1827
1433 1480
1433 1804
1433 1652
1433 1688
1435 1448
1436 1639
1441 1490
1444 1462
1446 1564
1447 1453
1449 1574
1454 1869
1454 1501
1457 1879
1462 1593
1465 1720
1466 1493
1466 1609
1468 1792
1468 1651
1468 1816
1469 1991
1469 1564
1469 1727
1472 1774
1484 1823
1487 1752
1490 1893
1495 1785
1502 1657
1502 1781
1514 1680
1523 1835
1524 1753
1525 1709
1525 1550
1530 1913
1532 1860
1533 1552
1536 1868
1538 1815
1544 1682
1547 1604
1548 1553
1552 1803
1573 1950
1583 1824
1583 1900
1584 1993
1594 1682
1596 1912
1626 1631
1628 1934
1631 1731
1631 1914
1636 1994
1640 1964
1651 1981
1653 1949
1654 1992
1674 1790
1679 1767
1684 1862
1694 1714
1694 1829
1695 1931
1702 1755
1702 1868
1704 1743
1708 1865
1708 1787
1728 1750
1730 1922
1733 1809
1733 1799
1750 1830
1759 1941
1763 1866
1773 1839
1778 1959
1785 1915
1786 1969
1786 1831
1787 1864
1852 1859
1940 1943
