0 138
0 213
0 304
0 344
0 678
0 911
0 995
0 1139
0 1321
0 1488
0 1660
0 1841
1 292
1 616
1 699
1 1250
1 1311
1 1602
2 324
2 788
2 988
2 1220
2 1472
2 1710
2 1880
3 268
3 1056
3 1304
3 1358
3 1366
3 1563
3 1728
3 1763
3 1774
3 1851
4 7
4 734
4 802
4 922
4 995
4 1248
4 1252
4 1271
4 1416
4 1435
4 1440
4 1561
5 107
5 531
5 621
5 652
5 1180
5 1240
5 1247
5 1823
5 1838
5 1877
5 1977
6 128
6 140
6 286
6 432
6 512
6 694
6 1090
6 1173
6 1177
6 1293
7 24
7 656
7 1206
7 1253
7 1327
7 1353
7 1373
7 1727
7 1833
8 78
8 307
8 460
8 864
8 941
8 965
8 1116
8 1359
8 1941
8 1972
9 366
9 828
9 1364
9 1937
9 1978
10 87
10 190
10 626
10 641
10 644
10 968
10 1111
10 1268
10 1546
11 299
11 504
11 531
11 890
11 921
11 1134
11 1173
11 1280
11 1332
12 164
12 206
12 321
12 489
12 546
12 570
12 595
12 740
12 802
12 804
12 1016
12 1193
12 1235
12 1546
12 1819
13 309
13 327
13 445
13 568
13 620
13 935
13 1123
13 1176
13 1367
13 1460
13 1734
13 1822
13 1957
14 28
14 593
14 671
14 788
14 898
14 911
14 1190
14 1290
14 1496
14 1902
15 70
15 238
15 392
15 643
15 1145
15 1734
15 1835
16 31
16 279
16 592
16 665
16 1353
16 1360
16 1596
16 1758
16 1998
17 61
17 194
17 304
17 379
17 583
17 840
17 859
17 1082
17 1174
17 1772
17 1888
17 1967
18 66
18 194
18 574
18 718
18 981
18 1189
18 1514
19 422
19 658
19 797
19 1403
19 1600
19 1753
19 1846
19 1980
20 121
20 136
20 496
20 618
20 748
20 760
20 856
20 912
20 1010
20 1391
20 1442
20 1787
20 1841
21 299
21 401
21 414
21 572
21 732
21 1166
21 1182
21 1461
21 1546
21 1660
22 986
22 1197
22 1236
22 1425
22 1556
22 1871
23 32
23 67
23 175
23 305
23 339
23 721
23 753
23 958
23 977
23 1167
23 1177
23 1404
23 1976
24 86
24 436
24 955
24 1054
24 1094
24 1230
24 1282
24 1401
24 1981
25 88
25 625
25 725
25 940
25 994
25 1137
25 1320
25 1341
25 1594
26 166
26 239
26 434
26 485
26 721
26 1001
26 1223
26 1249
26 1374
26 1640
26 1675
26 1738
26 1900
27 39
27 42
27 750
27 755
27 852
27 954
27 1119
27 1342
27 1478
27 1527
27 1828
27 1906
28 413
28 518
28 744
28 949
28 1002
28 1054
28 1180
28 1205
28 1495
28 1579
29 211
29 256
29 291
29 576
29 944
29 1254
29 1257
29 1403
29 1472
29 1503
29 1817
29 1919
29 1994
30 82
30 469
30 572
30 588
30 817
30 965
30 988
30 1671
30 1682
30 1700
30 1875
30 1891
31 319
31 417
31 508
31 752
31 1363
31 1370
31 1838
32 170
32 395
32 554
32 653
32 726
32 770
32 849
32 935
32 1746
32 1823
33 66
33 101
33 668
33 1007
33 1070
33 1398
34 478
34 926
34 927
34 1649
35 414
35 430
35 468
35 495
35 1203
35 1208
35 1343
35 1621
35 1641
35 1749
35 1752
35 1892
35 1981
36 133
36 187
36 199
36 257
36 871
36 922
36 924
36 955
36 1040
36 1069
36 1236
36 1303
36 1982
37 393
37 535
37 796
37 868
37 1089
37 1116
37 1326
37 1538
37 1649
38 128
38 228
38 255
38 492
38 636
38 795
38 981
38 1053
38 1228
38 1267
38 1313
38 1482
39 479
39 488
39 603
39 672
39 689
39 869
39 1142
39 1183
39 1284
39 1391
39 1478
39 1825
39 1885
40 330
40 333
40 396
40 397
40 863
40 1226
41 84
41 147
41 414
41 424
41 702
41 848
41 946
41 1227
41 1472
41 1693
41 1695
41 1818
42 113
42 313
42 317
42 700
42 1236
42 1786
42 1832
43 176
43 634
43 795
43 899
43 1016
43 1112
43 1228
43 1583
43 1805
43 1891
44 120
44 290
44 404
44 456
44 504
44 906
44 1827
44 1859
45 556
45 1875
45 1907
46 230
46 445
46 552
46 604
46 685
46 726
46 787
46 1416
46 1522
46 1781
47 54
47 194
47 438
47 1244
47 1396
47 1493
47 1500
47 1690
48 543
48 1058
48 1556
48 1732
48 1751
48 1930
49 138
49 306
49 482
49 748
49 907
49 1036
49 1127
49 1175
49 1290
49 1348
49 1660
50 72
50 733
50 794
50 1161
50 1762
50 1773
50 1817
50 1824
50 1951
51 55
51 219
51 320
51 1106
51 1130
51 1658
52 851
52 1460
52 1541
52 1649
52 1650
52 1849
53 57
53 272
53 300
53 379
53 381
53 551
53 762
53 766
53 1096
53 1342
53 1564
53 1611
53 1632
53 1685
54 428
54 612
54 708
54 744
54 1537
55 635
55 1368
55 1553
55 1661
55 1945
56 102
56 184
56 375
56 942
56 984
56 992
56 1013
56 1193
56 1254
56 1645
56 1997
57 117
57 155
57 318
57 402
57 448
57 610
57 666
57 798
57 865
57 1147
57 1389
57 1534
57 1554
57 1600
57 1723
58 157
58 180
58 302
58 820
58 1185
58 1210
58 1228
58 1320
58 1699
58 1965
59 72
59 354
59 1203
59 1213
59 1495
59 1586
59 1925
60 600
60 674
60 767
60 817
60 1106
60 1166
60 1192
60 1347
60 1427
61 70
61 77
61 89
61 522
61 717
61 864
61 1039
61 1275
61 1390
61 1728
61 1782
61 1794
61 1890
61 1905
62 277
62 287
62 371
62 654
62 928
62 971
62 1282
62 1363
62 1448
62 1474
62 1513
62 1790
62 1892
63 637
63 1061
63 1201
63 1305
63 1357
63 1683
63 1752
63 1893
64 196
64 226
64 397
64 861
64 964
64 965
64 1098
64 1218
64 1319
64 1331
64 1496
64 1539
64 1701
65 409
65 448
65 629
65 692
65 1140
65 1169
65 1206
65 1279
65 1473
65 1664
65 1827
65 1940
66 344
66 719
66 940
66 1063
66 1172
66 1502
66 1524
66 1539
66 1647
67 107
67 320
67 403
67 986
67 1688
68 81
68 229
68 1074
68 1197
68 1278
68 1656
68 1790
68 1797
69 86
69 119
69 314
69 366
69 1008
69 1573
69 1723
69 1806
70 497
70 613
70 763
70 796
70 997
70 1094
71 334
72 252
72 363
72 373
72 509
72 1088
72 1208
72 1438
72 1562
73 302
73 359
73 419
73 538
73 804
73 1020
73 1176
73 1230
73 1507
74 116
74 273
74 431
74 857
74 1240
74 1263
74 1453
74 1830
74 1852
75 501
75 778
75 927
75 1086
75 1170
75 1242
75 1313
75 1396
75 1565
75 1721
75 1861
76 838
76 1187
76 1226
76 1255
76 1415
76 1419
76 1697
76 1761
77 189
77 678
77 872
77 915
77 936
77 1164
77 1698
77 1704
78 301
78 337
78 590
78 647
78 767
78 1046
78 1087
78 1675
78 1767
78 1800
78 1970
79 900
79 1972
80 306
80 481
80 1176
80 1323
80 1625
80 1857
81 206
81 447
81 614
81 695
81 1068
81 1097
81 1491
81 1908
81 1922
82 86
82 92
82 228
82 267
82 602
82 1101
82 1198
82 1231
82 1430
82 1461
82 1472
82 1649
83 149
83 159
83 366
83 494
83 677
83 703
83 989
83 1566
83 1619
83 1731
83 1817
83 1963
84 178
84 526
84 570
84 607
84 763
84 1041
84 1228
84 1625
84 1662
84 1702
84 1731
84 1747
85 152
85 190
85 356
85 481
85 586
85 702
85 846
85 995
85 1418
85 1470
85 1545
85 1561
85 1718
85 1743
85 1754
86 163
86 260
86 325
86 354
86 885
86 990
86 1088
86 1862
86 1878
87 332
87 482
87 562
87 1212
87 1270
87 1472
87 1539
87 1751
88 209
88 262
88 357
88 619
88 673
88 780
88 934
88 1117
88 1239
88 1342
88 1737
88 1763
89 259
89 353
89 664
89 681
89 947
89 1216
89 1873
90 166
90 224
90 612
90 765
90 918
90 927
90 1000
90 1951
91 469
91 724
91 747
91 759
91 815
91 867
91 1038
91 1065
91 1082
91 1216
91 1278
91 1357
91 1390
91 1875
91 1905
92 346
92 421
92 494
92 573
92 867
92 871
92 922
92 1425
92 1472
92 1546
93 112
93 176
93 315
93 347
93 501
93 869
93 927
93 1690
93 1711
94 417
94 418
94 438
94 572
94 597
94 920
94 1095
94 1386
94 1435
94 1758
95 122
95 416
95 418
95 440
95 505
95 1026
95 1150
95 1319
95 1435
95 1846
96 162
96 273
96 436
96 997
96 1457
96 1583
96 1742
96 1819
97 440
97 477
97 581
97 585
97 604
97 662
97 673
97 1006
97 1314
97 1429
97 1462
97 1600
97 1732
97 1770
97 1776
97 1878
98 260
98 320
98 516
98 642
98 1028
98 1478
98 1605
98 1849
99 216
99 323
99 667
99 721
99 762
99 1224
99 1469
99 1560
99 1687
100 274
100 388
100 1290
100 1408
100 1448
100 1693
101 211
101 920
101 1074
101 1253
101 1362
101 1479
101 1845
101 1915
101 1989
102 320
102 350
102 371
102 1015
102 1261
102 1659
102 1839
102 1982
103 681
103 758
103 991
103 1172
103 1193
103 1848
103 1950
104 281
104 552
104 638
104 825
104 1030
104 1599
104 1649
105 173
105 241
105 345
105 467
105 502
105 598
105 738
105 1803
105 1872
106 221
106 342
106 443
106 802
106 985
106 1136
106 1486
107 161
107 598
107 882
107 973
107 1024
107 1235
107 1461
107 1493
107 1734
108 121
108 351
108 383
108 655
108 663
108 1165
108 1346
108 1370
108 1625
108 1960
109 378
109 575
109 612
109 828
109 1022
109 1161
109 1201
109 1369
109 1589
109 1724
109 1846
110 190
110 281
110 306
110 314
110 390
110 443
110 572
110 713
110 762
110 814
110 825
110 1471
110 1761
110 1764
110 1958
111 1271
111 1444
111 1743
111 1867
112 233
112 708
112 710
112 938
112 997
112 1297
112 1938
113 327
113 334
113 376
113 533
113 611
113 763
113 929
113 1101
113 1474
113 1583
113 1935
113 1951
114 127
114 254
114 282
114 372
114 423
114 851
114 1659
114 1809
114 1906
114 1943
114 1957
115 214
115 361
115 485
115 574
115 1219
115 1355
115 1361
115 1473
115 1584
116 129
116 156
116 960
116 1003
116 1006
116 1036
116 1641
116 1721
116 1919
117 191
117 542
117 645
117 1243
118 184
118 253
118 444
118 460
118 513
118 612
118 644
118 699
118 774
118 1237
118 1295
118 1315
118 1743
119 140
119 590
119 1098
119 1101
119 1302
119 1910
119 1969
120 363
120 526
120 585
120 894
120 1025
120 1217
120 1297
120 1451
120 1944
120 1968
121 285
121 337
121 502
121 573
121 652
121 676
121 1113
121 1171
121 1280
121 1352
121 1371
121 1418
121 1623
121 1962
122 366
122 978
122 1187
123 325
123 453
123 603
123 1507
123 1633
123 1686
123 1800
123 1961
123 1998
124 418
124 604
124 871
124 994
124 1692
124 1719
124 1937
125 168
125 244
125 857
125 896
125 1399
125 1536
125 1674
125 1893
126 129
126 158
126 248
126 508
126 656
126 701
126 1303
126 1491
126 1512
126 1579
126 1609
126 1617
126 1676
127 386
127 467
127 494
127 544
127 882
127 912
127 1109
127 1277
127 1416
127 1484
127 1686
127 1701
127 1707
128 1084
128 1403
128 1411
128 1773
129 615
129 669
129 743
129 934
129 1207
129 1421
130 490
130 722
130 1038
130 1467
130 1593
130 1674
130 1687
130 1984
131 180
131 295
131 301
131 595
131 620
131 850
131 915
131 921
131 1000
131 1053
131 1251
131 1293
131 1335
131 1365
131 1366
131 1375
132 609
132 694
132 919
132 1109
132 1288
132 1737
132 1777
132 1864
133 444
133 725
133 810
133 1210
134 256
134 688
134 912
134 965
134 1737
134 1835
134 1889
135 154
135 372
135 506
135 689
135 802
135 813
135 1187
135 1310
135 1865
135 1932
136 453
136 820
136 964
136 1125
136 1429
136 1576
136 1734
136 1900
136 1967
137 182
137 261
137 363
137 1045
137 1187
137 1374
137 1621
137 1733
137 1753
138 444
138 611
138 859
138 1059
138 1227
138 1318
138 1324
138 1364
138 1496
138 1600
138 1668
138 1887
139 174
139 350
139 660
139 1194
139 1237
139 1438
139 1844
140 158
140 733
140 1128
140 1484
140 1508
140 1533
140 1544
140 1630
141 265
141 363
141 868
141 950
141 1410
141 1460
142 335
142 411
142 540
142 585
142 814
142 914
142 915
142 1065
142 1449
142 1460
142 1680
142 1822
143 205
143 236
143 284
143 304
143 774
143 1201
143 1290
143 1391
143 1774
144 213
144 426
144 497
144 554
144 794
144 931
144 1404
144 1788
145 160
145 253
145 338
145 824
145 870
145 1895
146 723
146 725
146 1124
146 1323
146 1670
147 946
147 1047
147 1432
147 1606
148 198
148 674
148 858
148 1200
148 1331
148 1666
149 256
149 425
149 469
149 491
149 551
149 558
149 596
149 1308
149 1668
149 1876
149 1969
150 151
150 176
150 328
150 438
150 457
150 787
150 947
150 1917
150 1965
151 211
151 287
151 634
151 721
151 1329
151 1414
151 1556
151 1602
151 1776
152 458
152 615
152 1121
152 1299
152 1901
152 1950
153 251
153 276
153 280
153 426
153 640
153 751
153 865
153 924
153 929
153 966
153 1124
153 1166
153 1261
153 1270
153 1342
153 1557
153 1697
153 1699
153 1880
154 258
154 649
154 897
154 1050
154 1288
154 1444
154 1778
154 1849
154 1950
155 239
155 247
155 318
155 680
155 725
155 900
155 950
155 1096
155 1245
155 1264
155 1392
155 1847
155 1989
156 300
156 500
156 1060
156 1465
156 1530
157 410
157 523
157 805
157 888
157 902
157 1463
157 1484
157 1762
157 1978
158 263
158 425
158 1122
158 1140
158 1173
159 224
159 586
159 880
159 948
159 1470
159 1540
159 1708
159 1747
160 369
160 381
160 1443
160 1445
160 1828
161 215
161 444
161 603
161 612
161 1022
161 1479
161 1596
161 1626
161 1984
162 293
162 314
162 578
162 759
162 878
162 1658
162 1964
163 491
163 825
163 884
163 1066
163 1134
163 1150
163 1400
163 1577
163 1583
163 1799
163 1901
164 805
164 820
164 829
164 899
164 948
164 1253
164 1263
164 1279
164 1361
164 1661
164 1682
165 184
165 383
165 1004
165 1269
165 1316
165 1422
165 1652
165 1863
165 1950
166 186
166 277
166 706
166 714
166 848
166 1289
166 1472
166 1530
166 1553
166 1699
167 173
167 216
167 344
167 548
167 579
167 622
167 785
167 1148
167 1149
167 1366
167 1574
167 1973
168 527
168 627
168 673
168 1013
168 1179
168 1468
168 1477
168 1529
168 1717
168 1847
168 1893
169 371
169 626
169 656
169 708
169 728
169 1049
169 1139
169 1256
169 1391
169 1486
169 1981
170 241
170 358
170 462
170 518
170 763
170 782
170 822
170 1048
170 1500
170 1601
170 1696
170 1861
170 1874
170 1909
171 187
171 800
171 1101
171 1232
171 1245
171 1438
171 1864
171 1998
172 338
172 349
172 377
172 458
172 579
172 763
172 907
172 1370
172 1480
172 1517
172 1974
173 261
173 296
173 700
173 819
173 1051
173 1313
173 1449
173 1483
173 1520
173 1857
173 1879
173 1923
174 421
174 579
174 953
174 988
174 1309
174 1632
174 1668
174 1717
174 1927
175 399
175 597
175 730
175 804
175 1082
175 1237
175 1568
175 1661
175 1869
176 376
176 775
176 1081
176 1152
176 1370
177 780
177 798
177 1142
177 1243
177 1422
177 1532
178 304
178 622
178 1024
178 1380
178 1390
178 1518
178 1667
178 1786
178 1915
179 548
179 872
179 898
179 1093
179 1490
179 1735
179 1772
179 1818
180 695
180 740
180 754
180 780
180 781
180 790
180 955
180 1055
180 1078
180 1337
180 1356
180 1384
180 1740
180 1780
181 197
181 266
181 300
181 304
181 594
181 807
181 1753
181 1993
182 626
182 1643
182 1712
182 1832
182 1960
183 207
183 270
183 531
183 649
183 764
183 1097
183 1255
183 1294
183 1441
183 1443
183 1730
183 1735
183 1957
184 294
184 304
184 333
184 499
184 656
184 852
184 878
184 1206
184 1345
184 1622
184 1637
185 783
185 826
185 827
185 846
185 951
185 953
185 1034
185 1058
185 1148
185 1194
185 1391
185 1412
185 1690
185 1724
186 261
186 321
186 774
186 911
186 1254
186 1327
186 1336
186 1403
186 1633
186 1713
186 1757
186 1937
187 328
187 592
187 736
187 802
187 986
187 1001
187 1166
187 1653
187 1857
188 239
188 397
188 404
188 619
188 660
188 845
188 1727
188 1781
188 1943
189 613
189 1080
189 1146
189 1487
189 1845
189 1855
189 1873
190 459
190 740
190 848
190 1029
190 1271
190 1542
191 421
191 758
191 835
191 870
191 950
191 1035
191 1216
191 1759
192 214
192 333
192 371
192 424
192 625
192 632
192 639
192 1045
192 1264
192 1865
193 200
193 345
193 442
193 652
193 747
193 878
193 920
193 924
193 1137
193 1340
193 1495
194 635
194 983
194 1027
194 1501
195 681
195 1244
195 1439
195 1521
195 1582
195 1693
196 379
196 1465
196 1742
197 898
197 1438
197 1508
198 454
198 994
198 1091
198 1153
198 1325
198 1396
198 1512
198 1651
198 1702
198 1739
198 1973
199 256
199 268
199 506
199 715
199 1058
199 1324
199 1351
199 1713
199 1948
199 1998
200 278
200 462
200 1216
200 1310
200 1440
200 1882
200 1922
200 1986
201 367
201 565
201 839
201 1102
201 1183
201 1223
201 1284
201 1351
201 1432
201 1488
201 1612
201 1848
202 621
202 980
202 1243
202 1536
202 1560
202 1745
202 1834
202 1937
203 1000
203 1049
203 1143
203 1166
203 1225
203 1265
203 1514
203 1544
203 1592
203 1892
204 758
204 1046
204 1375
204 1601
205 243
205 366
205 714
205 747
205 993
206 374
206 608
206 709
206 710
206 1127
206 1131
206 1136
206 1313
206 1574
206 1901
207 265
207 268
207 1339
207 1583
207 1620
207 1644
207 1757
207 1894
207 1944
208 361
208 934
208 1194
208 1197
208 1585
208 1586
208 1624
208 1705
208 1899
209 304
209 563
209 579
209 581
209 1027
209 1460
209 1610
209 1659
209 1982
210 311
210 316
210 474
210 1040
210 1094
210 1307
210 1318
210 1396
210 1977
211 265
211 296
211 769
211 977
211 978
211 1470
211 1480
211 1955
212 273
212 849
212 911
212 1116
212 1215
212 1423
212 1652
213 279
213 374
213 407
213 660
213 754
213 1272
213 1348
213 1419
213 1544
213 1741
213 1951
214 654
214 813
214 1665
215 419
215 509
215 546
215 856
215 1131
215 1254
215 1312
215 1334
215 1575
215 1622
216 223
216 735
216 1126
216 1575
216 1862
217 318
217 499
217 684
217 725
217 862
217 952
217 968
217 1195
217 1211
217 1336
217 1337
217 1720
217 1777
217 1808
218 301
218 540
218 561
218 784
218 847
218 1031
218 1059
218 1148
218 1212
218 1301
218 1453
218 1531
218 1912
218 1996
219 223
219 530
219 788
219 818
219 895
219 925
219 1222
219 1332
219 1583
220 260
220 1055
220 1674
220 1747
220 1877
220 1935
221 347
221 481
221 1116
221 1169
221 1225
221 1605
221 1855
221 1966
222 242
222 247
222 278
222 376
222 377
222 405
222 625
222 654
222 818
222 941
222 1274
222 1344
222 1402
222 1611
222 1622
222 1679
223 278
223 420
223 683
223 806
223 1601
223 1722
223 1743
223 1797
224 491
224 537
224 634
224 691
224 991
224 1197
224 1244
224 1329
224 1648
225 342
225 525
225 866
225 907
225 982
225 1192
225 1442
225 1495
225 1522
225 1703
225 1724
225 1728
225 1819
226 364
226 741
226 1559
226 1625
226 1704
226 1731
226 1767
226 1996
227 258
227 547
227 555
227 635
227 940
227 968
227 1140
227 1462
227 1820
227 1902
228 237
228 545
228 936
228 948
228 1251
228 1432
228 1437
228 1490
228 1531
228 1619
228 1862
228 1932
228 1964
229 747
229 965
229 1263
230 406
230 614
230 632
230 837
230 838
230 887
230 1181
230 1243
230 1551
231 324
231 369
231 378
231 683
231 695
231 911
231 1005
231 1454
231 1472
231 1639
231 1670
231 1835
232 396
232 663
232 856
232 1287
232 1486
232 1601
233 263
233 293
233 389
233 505
233 569
233 618
233 704
233 722
233 909
233 969
233 1017
233 1021
233 1184
233 1358
233 1644
233 1689
234 350
234 449
234 754
234 764
234 942
234 1382
234 1493
234 1651
235 684
235 936
235 1315
235 1353
235 1552
235 1624
235 1921
236 774
236 787
236 1243
236 1321
237 551
237 658
237 789
237 850
237 1014
237 1267
237 1502
237 1653
237 1736
237 1981
238 726
238 792
238 1181
238 1471
238 1577
238 1916
238 1958
239 393
239 780
239 947
239 993
239 1170
240 361
240 700
240 751
240 1350
240 1369
240 1862
241 507
241 800
241 995
241 1059
241 1709
241 1831
241 1849
242 335
242 358
242 564
242 866
242 1003
242 1217
242 1694
242 1800
242 1898
242 1934
243 705
243 1420
243 1422
243 1867
244 246
244 555
244 809
244 910
244 1003
244 1268
244 1349
244 1709
244 1767
244 1778
244 1931
244 1938
245 381
245 844
245 1140
245 1441
245 1524
245 1750
245 1780
245 1819
245 1874
246 752
246 1279
246 1343
246 1492
246 1639
246 1687
246 1723
246 1891
246 1907
246 1971
247 316
247 474
247 532
247 704
247 783
247 974
247 1023
247 1266
247 1746
248 444
248 1631
248 1647
248 1698
248 1723
249 678
249 823
249 1306
250 335
250 341
250 748
250 1349
250 1745
251 412
251 473
251 577
251 1025
251 1258
251 1377
252 555
252 629
252 649
252 821
252 869
252 984
252 1441
252 1442
252 1485
252 1614
252 1641
252 1686
252 1810
252 1887
253 286
253 513
253 591
253 817
253 876
253 1170
253 1344
253 1686
254 625
254 920
254 1107
254 1239
254 1710
254 1867
254 1935
254 1944
255 574
255 1257
255 1277
255 1519
255 1575
255 1676
255 1841
255 1858
255 1882
256 880
256 899
256 1061
256 1097
256 1130
256 1285
256 1448
256 1474
256 1555
256 1575
256 1614
256 1797
257 404
257 510
257 723
257 827
257 960
257 1127
257 1255
257 1523
258 410
258 551
258 635
258 712
258 1050
258 1243
258 1273
258 1492
258 1600
258 1827
259 268
259 368
259 667
259 795
259 1006
259 1176
259 1296
259 1389
259 1487
259 1644
259 1661
259 1774
259 1873
260 373
260 399
260 468
260 659
260 888
260 1018
260 1122
260 1152
260 1593
260 1870
260 1940
261 329
261 759
261 892
261 1154
261 1357
261 1417
261 1489
261 1587
261 1663
261 1879
262 340
262 702
262 748
262 806
262 851
262 1006
262 1010
262 1430
262 1455
262 1859
262 1986
263 1074
263 1085
263 1247
263 1607
263 1689
263 1996
264 628
264 849
264 1448
264 1879
265 582
265 602
265 724
265 977
265 1092
265 1111
265 1171
265 1194
265 1309
265 1407
265 1562
265 1565
265 1675
265 1851
265 1897
265 1994
266 686
266 785
266 1447
266 1774
266 1834
266 1882
267 636
267 687
267 795
267 829
267 912
267 1021
267 1324
267 1441
267 1792
267 1858
268 434
268 473
268 504
268 518
268 531
268 626
268 702
268 847
268 1058
268 1283
268 1721
269 435
269 570
269 783
269 910
269 1302
269 1473
270 929
270 971
270 1304
270 1536
270 1586
270 1895
271 517
271 828
271 871
271 889
271 891
271 1130
271 1265
271 1570
271 1589
271 1855
272 276
272 312
272 349
272 683
272 971
272 1606
273 300
273 411
273 545
273 1191
274 294
274 408
274 534
274 655
274 912
274 939
274 1104
274 1413
274 1488
274 1748
275 434
275 824
275 1033
275 1405
275 1492
275 1672
275 1832
275 1899
276 578
276 636
276 761
276 887
276 1154
276 1904
277 635
277 780
277 785
277 943
277 985
277 1053
277 1195
277 1461
277 1503
277 1805
277 1934
278 299
278 350
278 644
278 719
278 850
278 917
278 1466
278 1608
278 1977
279 281
279 351
279 682
279 716
279 778
279 1142
279 1292
279 1436
279 1606
279 1731
279 1937
280 507
280 632
280 653
280 675
280 791
280 818
280 976
280 986
280 1009
280 1147
280 1285
280 1652
280 1660
280 1671
280 1963
281 390
281 414
281 723
281 845
281 935
281 1363
281 1419
281 1602
282 571
282 787
282 793
282 1045
282 1123
282 1271
282 1322
282 1369
282 1552
282 1950
282 1983
283 473
283 797
283 911
283 935
283 1050
283 1102
283 1141
283 1250
283 1321
283 1924
284 500
284 852
284 1146
284 1156
284 1267
284 1363
284 1594
285 420
285 503
285 837
285 1144
285 1162
285 1247
285 1454
285 1455
285 1679
285 1841
286 327
286 388
286 653
286 814
286 827
286 1130
286 1657
286 1905
286 1980
286 1985
286 1995
287 390
287 417
287 466
287 543
287 571
287 596
287 844
287 924
287 1007
287 1133
287 1174
287 1210
287 1457
288 1009
288 1066
288 1176
288 1227
288 1301
288 1359
288 1570
288 1609
288 1713
288 1857
288 1995
289 487
289 908
289 1073
289 1390
289 1494
289 1646
290 343
290 664
290 732
290 1245
290 1279
290 1519
291 311
291 726
291 771
291 828
291 974
291 1069
291 1106
291 1166
291 1722
291 1800
292 480
292 510
292 977
292 1193
292 1411
292 1454
292 1489
292 1551
292 1652
292 1931
293 314
293 528
293 882
293 888
293 1026
293 1342
293 1622
293 1670
294 715
294 1094
294 1373
294 1493
294 1683
294 1789
294 1830
294 1850
294 1916
295 466
295 543
295 594
295 1431
295 1686
296 313
296 403
296 578
296 892
296 1678
296 1756
297 569
297 892
297 1417
297 1449
297 1595
297 1673
297 1793
297 1864
298 423
298 494
298 596
298 765
298 833
298 1109
298 1594
298 1675
298 1854
298 1975
299 469
299 606
299 945
299 1404
299 1436
299 1590
299 1605
299 1927
300 506
300 757
300 785
300 914
300 984
300 1037
300 1242
300 1325
300 1450
300 1723
300 1790
300 1865
300 1980
301 411
301 523
301 692
301 796
301 881
301 945
301 1056
301 1362
301 1504
301 1969
302 335
302 487
302 579
302 591
302 834
302 893
302 898
302 918
302 1144
302 1565
302 1615
303 359
303 390
303 517
303 542
303 654
303 1644
303 1903
303 1967
304 373
304 778
304 1235
304 1326
304 1469
304 1496
304 1504
304 1530
304 1691
304 1704
304 1958
305 776
305 1041
305 1770
305 1847
306 317
306 433
306 720
306 1237
306 1308
306 1334
306 1516
307 563
307 761
307 1206
307 1270
308 1003
308 1156
308 1608
308 1712
308 1775
308 1805
308 1925
309 372
309 384
309 607
309 813
309 1534
309 1619
309 1754
310 313
310 545
310 657
310 810
310 817
310 946
310 1341
310 1374
310 1397
310 1556
310 1731
310 1838
311 471
311 479
311 693
311 1008
311 1047
311 1524
311 1601
311 1619
311 1828
312 662
312 699
312 972
312 1139
312 1153
312 1366
312 1498
312 1901
312 1966
313 394
313 460
313 474
313 495
313 920
313 938
313 940
313 961
313 1020
313 1022
313 1251
313 1270
313 1303
314 321
314 542
314 628
314 928
314 1225
314 1356
314 1488
314 1832
315 574
315 712
315 718
315 910
315 1086
315 1285
315 1301
315 1445
315 1550
315 1655
315 1948
316 571
316 643
316 862
316 1088
316 1237
316 1256
316 1262
316 1427
316 1526
316 1658
316 1904
317 529
317 1087
317 1461
317 1619
317 1698
318 393
318 462
318 757
318 856
318 872
318 1694
318 1902
319 688
319 704
319 891
319 1384
319 1989
320 418
320 512
320 657
320 760
320 791
320 827
320 954
320 1136
320 1398
320 1422
320 1901
320 1945
321 327
321 532
321 648
321 651
321 712
321 1406
321 1491
321 1650
321 1915
322 720
322 832
322 1450
322 1840
322 1914
322 1954
323 883
323 1394
323 1414
323 1451
323 1825
323 1887
323 1916
323 1963
324 482
324 500
324 727
324 1381
324 1476
324 1506
324 1518
324 1836
325 339
325 362
325 493
325 642
325 929
325 1280
326 506
326 552
326 681
326 710
326 870
326 1170
326 1353
326 1635
327 485
327 686
327 710
327 761
327 935
327 972
327 1156
327 1166
327 1630
327 1924
327 1960
328 407
328 443
328 482
328 507
328 709
328 1089
328 1207
328 1225
328 1237
328 1410
328 1858
329 443
329 525
329 602
329 800
329 962
329 1196
329 1264
330 750
330 783
330 938
330 990
330 1128
330 1507
330 1562
330 1676
330 1805
330 1884
330 1898
331 488
331 773
331 1150
331 1550
331 1558
331 1617
332 874
332 942
332 1160
332 1278
332 1375
332 1507
333 420
333 615
333 776
333 850
333 873
333 1055
333 1113
333 1620
334 667
334 763
334 836
334 1094
334 1291
334 1449
334 1845
335 508
335 660
335 693
335 697
335 759
335 781
335 782
335 948
335 1004
335 1046
335 1268
335 1415
336 393
336 527
336 563
336 1250
336 1430
336 1472
336 1615
337 379
337 501
337 963
337 1094
337 1143
337 1275
337 1444
337 1495
337 1521
338 774
338 952
338 1298
338 1308
338 1528
338 1540
339 465
339 619
339 814
339 870
339 1147
339 1390
339 1483
339 1791
340 886
340 925
340 967
340 1010
340 1147
340 1279
340 1285
340 1455
340 1886
340 1935
340 1984
341 344
341 461
341 468
341 600
341 810
341 884
341 1053
341 1153
341 1269
341 1360
341 1430
341 1511
341 1522
341 1563
341 1687
341 1817
342 346
342 417
342 608
342 617
342 657
342 1045
342 1127
342 1357
342 1539
342 1552
343 898
343 1007
343 1157
343 1484
343 1542
343 1606
343 1761
343 1850
344 415
344 508
344 861
344 1332
344 1863
344 1936
345 453
345 457
345 609
345 865
345 1264
345 1317
346 378
346 516
346 573
346 854
346 1116
346 1300
346 1638
346 1665
347 610
347 615
347 677
347 692
347 1312
347 1414
347 1774
347 1805
347 1875
348 745
348 773
348 852
348 1916
349 441
349 648
349 1047
349 1278
349 1589
349 1738
349 1960
350 604
350 653
350 691
350 728
350 885
350 1003
350 1290
350 1644
350 1760
351 615
351 696
351 763
351 849
351 1562
351 1674
351 1712
351 1787
351 1976
352 526
352 542
352 553
352 663
352 677
352 923
352 1032
352 1095
352 1438
352 1741
353 560
353 972
353 1074
353 1514
353 1573
353 1602
353 1631
353 1740
353 1781
353 1790
354 746
354 1211
354 1324
354 1328
354 1479
354 1716
354 1743
354 1889
355 418
355 522
355 708
355 1120
356 710
356 841
356 987
356 1124
356 1253
356 1287
356 1373
356 1597
356 1770
357 366
357 384
357 835
357 861
357 1177
357 1496
357 1672
357 1784
357 1917
358 606
358 681
358 983
358 1137
358 1176
358 1179
358 1245
358 1290
358 1334
358 1536
359 392
359 496
359 586
359 771
359 942
359 977
359 1022
359 1086
359 1158
359 1631
359 1787
359 1795
359 1930
359 1932
360 550
360 570
360 774
360 1400
360 1430
360 1739
360 1871
360 1951
361 678
361 839
361 1438
361 1571
361 1665
361 1766
361 1770
361 1931
362 554
362 680
362 848
362 924
362 1251
362 1929
362 1991
363 617
363 658
363 1025
363 1174
363 1288
363 1368
363 1414
363 1608
363 1719
363 1792
364 817
364 945
364 988
364 1034
364 1248
364 1450
364 1505
364 1888
365 633
365 970
365 1273
365 1576
365 1714
366 588
366 617
366 1013
366 1127
366 1217
366 1291
366 1453
366 1523
366 1626
367 420
367 428
367 429
367 527
367 559
367 737
367 1916
368 635
368 903
368 1094
368 1130
368 1181
368 1386
368 1388
368 1602
368 1837
368 1937
369 678
369 828
369 1008
369 1034
369 1260
369 1388
369 1500
370 761
370 917
370 1118
370 1306
370 1381
370 1409
370 1494
371 1002
371 1452
371 1474
371 1549
371 1606
371 1813
371 1850
372 401
372 408
372 454
372 1032
372 1508
372 1733
372 1858
372 1878
372 1891
373 707
373 906
373 907
373 1281
373 1543
373 1677
373 1811
374 775
374 1019
374 1428
374 1484
374 1761
374 1769
374 1939
374 1943
375 675
375 1117
375 1379
375 1577
375 1645
376 1064
376 1223
376 1409
377 687
377 804
377 904
377 1429
377 1537
377 1543
377 1684
377 1702
378 620
378 634
378 765
378 879
378 906
378 937
378 1227
378 1336
378 1467
378 1601
378 1708
379 444
379 833
379 977
379 1089
379 1153
379 1207
379 1252
379 1540
379 1544
379 1855
379 1904
380 512
380 924
380 1014
380 1140
380 1184
380 1328
380 1550
380 1553
380 1657
380 1834
381 609
381 629
381 941
381 1133
381 1219
381 1448
381 1599
381 1663
381 1733
381 1890
381 1974
382 611
382 1082
382 1124
382 1326
382 1350
383 473
383 546
383 804
383 918
383 950
384 544
384 633
384 885
384 945
384 1056
384 1116
384 1153
384 1337
384 1503
384 1584
384 1791
385 404
385 449
385 909
385 1339
385 1373
385 1607
386 452
386 791
386 879
386 1272
387 601
387 782
387 1005
387 1127
387 1532
387 1622
387 1733
387 1762
387 1840
387 1998
388 389
388 440
388 698
388 726
388 895
388 1013
388 1382
388 1894
389 431
389 655
389 1243
389 1290
389 1697
389 1831
389 1834
389 1863
390 429
390 719
390 1320
390 1519
390 1973
391 689
391 1066
391 1292
391 1474
391 1512
392 430
392 582
392 683
392 1190
392 1221
392 1369
392 1659
392 1800
393 757
393 869
393 887
393 1003
393 1599
393 1600
394 401
394 1334
394 1610
394 1859
394 1899
395 482
395 500
395 1294
396 456
396 969
396 1093
396 1162
397 476
397 811
397 1191
397 1265
397 1380
397 1514
398 644
398 708
398 900
398 909
398 1173
399 538
399 571
399 653
399 702
399 935
399 1039
399 1156
399 1315
399 1468
399 1639
399 1756
399 1836
399 1874
399 1920
400 601
400 832
400 1151
400 1972
401 453
401 744
401 782
401 807
401 826
401 846
401 1173
401 1183
401 1252
401 1345
401 1356
401 1802
401 1876
401 1903
402 597
402 1278
402 1333
402 1375
402 1550
402 1558
402 1567
402 1752
402 1865
403 655
403 840
403 904
403 960
403 1308
403 1798
403 1811
403 1834
403 1838
404 764
404 798
404 1144
404 1206
404 1995
405 410
405 430
405 1159
406 890
406 959
406 963
406 1216
406 1346
406 1362
406 1626
406 1724
407 727
407 742
407 744
407 792
407 939
407 997
407 1363
407 1784
407 1942
408 487
408 571
408 854
408 926
408 930
408 1050
408 1133
408 1411
408 1521
408 1664
408 1755
408 1984
409 508
409 602
409 888
409 1083
409 1481
409 1692
409 1712
409 1794
410 632
410 744
410 914
410 943
410 1208
410 1630
410 1840
410 1925
410 1989
411 414
411 531
411 961
411 964
411 1147
411 1421
411 1750
411 1871
411 1896
412 462
412 586
412 681
412 1106
412 1173
412 1215
412 1354
412 1687
412 1758
413 955
413 1216
413 1442
413 1745
413 1787
413 1883
413 1954
414 472
414 702
414 1430
414 1633
414 1999
415 617
415 1235
415 1403
415 1405
415 1568
415 1662
415 1976
416 1015
416 1179
416 1494
416 1582
416 1694
416 1739
416 1784
416 1798
417 429
417 445
417 462
417 610
417 824
417 989
417 1355
417 1686
417 1903
418 651
418 885
418 1051
418 1561
418 1602
418 1648
418 1689
418 1801
419 488
419 754
419 1078
419 1186
419 1215
419 1374
420 683
420 1390
420 1583
420 1658
420 1685
421 505
421 634
421 1030
421 1044
422 1433
422 1447
422 1546
422 1611
422 1636
422 1783
423 580
423 782
423 941
423 1068
424 606
424 724
424 1497
425 899
425 964
425 1099
425 1125
425 1242
425 1367
425 1399
425 1646
425 1673
426 631
426 730
426 864
426 1049
426 1248
426 1538
426 1662
426 1809
426 1896
427 551
427 593
427 1639
427 1987
428 552
428 777
428 1654
428 1812
428 1966
429 773
429 1385
429 1611
429 1989
430 757
430 769
430 873
430 996
430 1334
430 1355
430 1524
430 1586
430 1749
430 1926
431 556
431 1029
431 1241
431 1479
431 1793
431 1920
432 633
432 665
432 725
432 858
432 859
432 1037
432 1767
432 1855
433 692
433 751
433 1013
433 1332
433 1767
434 461
434 589
434 884
434 1057
434 1606
434 1692
434 1774
434 1800
435 697
435 768
435 810
435 836
435 1063
435 1115
435 1288
435 1329
435 1353
435 1489
435 1602
435 1648
435 1688
435 1991
436 438
436 459
436 674
436 1040
436 1074
436 1307
436 1394
436 1517
436 1691
436 1827
437 476
437 708
437 997
437 1055
437 1471
437 1616
437 1773
437 1906
437 1951
437 1959
438 483
438 624
438 856
438 1285
438 1412
438 1516
438 1769
439 481
439 845
439 1222
439 1236
439 1531
439 1658
439 1696
439 1713
439 1862
439 1905
440 481
440 501
440 660
440 737
440 928
440 1083
440 1268
440 1420
440 1492
440 1499
440 1593
440 1707
440 1740
440 1918
441 554
441 775
441 782
441 874
441 1142
441 1215
441 1568
441 1594
441 1671
441 1729
441 1893
442 507
442 891
442 922
442 1585
442 1592
442 1631
442 1767
442 1785
442 1958
443 747
443 779
443 1009
443 1517
443 1541
443 1544
444 457
444 630
444 907
444 1499
444 1815
444 1917
445 1022
445 1331
445 1454
445 1504
445 1764
445 1772
445 1874
445 1886
446 751
446 835
446 1059
446 1174
446 1293
446 1341
446 1365
446 1486
446 1775
446 1838
447 776
447 1015
447 1048
447 1134
447 1161
447 1532
447 1712
448 542
448 834
448 1042
448 1227
448 1566
448 1981
449 526
449 714
449 790
449 939
449 1546
449 1574
449 1853
449 1992
449 1993
450 984
450 1112
450 1120
450 1130
450 1515
450 1627
450 1819
450 1887
451 541
451 570
451 596
451 766
451 784
451 1055
451 1173
451 1610
452 482
452 504
452 698
452 898
452 1204
452 1253
452 1394
452 1512
453 561
453 1021
453 1205
454 581
454 597
454 717
454 776
454 953
454 1161
454 1318
454 1398
454 1817
455 508
455 535
455 565
455 725
455 787
455 1065
455 1296
455 1374
456 518
456 709
456 862
456 1229
456 1648
457 649
457 770
457 1202
457 1272
457 1720
457 1919
457 1966
458 701
458 1055
458 1354
458 1472
458 1498
458 1804
458 1848
458 1886
459 563
459 703
459 850
459 1001
459 1450
459 1786
459 1928
459 1963
460 692
460 732
460 1156
460 1194
460 1338
460 1476
461 664
461 790
461 869
461 1166
461 1397
461 1454
461 1597
461 1634
461 1717
461 1735
461 1863
462 473
462 1035
462 1202
462 1287
462 1417
462 1474
463 622
463 783
463 794
463 1343
463 1702
463 1737
463 1763
463 1957
464 473
464 646
464 1016
464 1109
464 1110
464 1221
464 1710
464 1954
465 704
465 824
465 840
465 1155
465 1202
465 1252
465 1489
465 1574
465 1663
466 600
466 968
466 1159
466 1312
466 1626
466 1640
467 544
467 547
467 671
467 693
467 875
467 1034
467 1147
467 1246
467 1373
467 1763
468 588
468 931
468 1222
468 1373
468 1452
468 1851
469 539
469 715
469 1009
469 1103
469 1226
469 1261
469 1450
469 1641
469 1813
470 529
470 1112
470 1704
470 1758
470 1962
471 1005
471 1141
471 1194
471 1589
471 1616
471 1808
471 1889
472 734
472 872
472 1061
472 1250
472 1266
472 1380
472 1411
472 1592
472 1830
472 1924
473 580
473 623
473 1236
473 1287
473 1329
473 1825
473 1900
474 515
474 617
474 631
474 643
474 736
474 1046
474 1052
474 1590
474 1673
474 1678
475 563
475 696
475 989
475 1053
475 1068
475 1147
475 1230
475 1338
475 1526
475 1620
475 1790
475 1974
476 620
476 758
476 852
476 1025
476 1316
476 1631
476 1702
476 1752
476 1921
477 677
477 974
477 1195
478 739
478 754
478 914
478 1640
478 1667
478 1918
479 1252
479 1525
479 1934
479 1949
480 613
480 861
480 1527
481 553
481 1326
481 1583
481 1909
482 1648
482 1722
483 527
483 1135
483 1455
484 543
484 823
484 1363
485 706
485 893
485 1361
485 1622
485 1635
485 1647
485 1964
485 1970
486 572
486 731
486 763
486 868
486 1074
486 1553
486 1679
487 594
487 1258
487 1580
487 1620
487 1706
488 552
488 556
488 741
488 850
488 856
488 1159
488 1888
489 574
489 882
489 1168
489 1337
489 1736
489 1850
490 574
490 876
490 1236
490 1265
490 1675
490 1793
490 1826
491 668
491 886
491 978
491 1144
491 1264
491 1375
491 1663
491 1821
491 1936
492 638
492 1478
492 1498
492 1657
492 1702
492 1715
492 1784
492 1939
493 604
493 632
493 687
493 692
493 840
493 1304
493 1561
493 1670
493 1811
493 1948
494 670
494 927
494 1042
494 1076
494 1090
494 1383
494 1557
494 1658
494 1900
494 1983
495 795
495 1623
496 1192
496 1805
497 620
497 983
497 1140
497 1225
497 1949
498 831
498 979
498 1036
498 1119
499 658
499 722
499 1113
499 1165
499 1940
500 719
500 851
500 966
500 1461
500 1614
500 1680
500 1689
500 1989
501 722
501 975
501 990
501 1005
501 1051
501 1503
501 1603
501 1856
502 504
502 825
502 931
502 991
502 1100
502 1250
503 964
503 988
503 1122
503 1126
503 1348
503 1719
503 1747
504 906
504 985
504 1020
504 1162
504 1235
504 1454
504 1459
504 1493
504 1511
505 756
505 1198
505 1469
505 1693
505 1980
506 589
506 656
506 695
506 697
506 1072
506 1095
506 1160
506 1243
506 1652
507 515
507 914
507 1199
507 1282
507 1358
507 1500
507 1580
507 1629
507 1861
508 871
508 1578
509 637
509 749
509 823
509 828
509 897
509 987
509 1832
509 1921
509 1934
509 1957
510 700
510 826
510 830
510 999
510 1798
511 907
511 1412
511 1454
512 624
512 727
512 1033
512 1068
512 1104
512 1361
512 1855
513 692
513 818
513 1082
513 1260
513 1322
513 1453
513 1601
513 1677
513 1700
513 1910
514 753
514 1478
514 1542
514 1584
514 1794
514 1930
515 558
515 814
515 969
515 1234
515 1403
515 1437
515 1438
515 1492
515 1523
515 1775
516 848
516 919
516 924
516 986
516 1381
516 1393
516 1458
516 1993
517 630
517 749
517 1150
517 1282
517 1895
518 598
518 646
518 947
518 1430
518 1465
518 1605
518 1947
518 1991
519 675
519 901
519 1171
519 1965
519 1977
520 541
520 543
520 775
520 1079
520 1111
520 1213
520 1926
521 569
521 872
521 927
521 1074
521 1117
521 1182
521 1312
521 1454
521 1558
521 1908
522 544
522 853
522 1036
522 1269
522 1524
522 1693
522 1728
522 1870
523 773
523 896
523 1168
523 1399
524 819
524 1359
525 757
525 915
525 963
525 1025
525 1109
525 1166
525 1354
525 1657
525 1691
525 1911
526 596
526 629
526 632
526 978
526 1183
526 1387
526 1444
526 1824
527 810
527 1079
527 1436
527 1504
527 1905
528 537
528 838
528 938
528 1228
528 1264
528 1515
528 1943
529 653
529 722
529 791
529 1199
529 1219
529 1530
529 1894
530 821
530 1025
530 1348
530 1578
530 1624
531 671
531 897
531 1311
531 1330
531 1653
531 1767
531 1986
532 635
532 1198
532 1262
532 1503
532 1681
532 1726
533 547
533 607
533 944
533 958
533 1296
533 1297
533 1407
533 1543
533 1598
533 1809
534 601
534 1642
534 1645
534 1915
535 837
535 1192
535 1465
535 1570
535 1798
535 1882
535 1900
535 1929
536 609
536 886
536 1260
536 1265
536 1290
536 1366
536 1461
536 1466
536 1518
536 1611
536 1638
536 1670
536 1732
536 1900
536 1918
537 540
537 1053
537 1190
537 1200
537 1336
537 1598
537 1639
537 1696
537 1912
538 608
538 699
538 775
538 1206
538 1331
538 1812
539 726
539 771
539 1499
539 1649
539 1699
540 640
540 714
540 980
540 1300
540 1325
540 1437
540 1741
541 669
541 823
541 1059
541 1068
541 1142
541 1400
541 1490
541 1716
542 1048
542 1310
542 1516
542 1898
543 690
543 1243
543 1920
543 1951
544 584
544 637
544 1400
544 1660
545 748
545 1027
545 1476
545 1949
546 1062
546 1208
546 1404
546 1848
546 1950
547 641
547 991
547 1079
547 1491
547 1700
547 1789
548 552
548 594
548 676
548 728
548 1062
548 1170
548 1255
548 1300
548 1410
548 1681
548 1722
548 1818
549 568
549 585
549 788
549 801
549 1343
549 1740
550 867
550 916
550 1007
550 1466
550 1495
550 1538
550 1868
550 1891
550 1918
551 658
551 983
551 999
551 1310
551 1730
551 1787
552 600
552 969
552 975
552 991
552 1039
552 1395
552 1532
553 615
553 645
553 1471
553 1760
553 1887
554 691
554 711
554 823
554 869
554 1061
554 1137
554 1299
554 1305
554 1331
554 1504
554 1842
554 1907
555 626
555 649
555 997
555 1568
555 1673
555 1689
555 1881
555 1943
556 785
556 895
556 1257
556 1310
556 1667
556 1715
557 932
557 1486
557 1612
558 596
558 648
558 1113
558 1116
558 1504
558 1557
558 1677
559 575
559 639
559 767
559 800
559 897
559 1260
559 1558
559 1687
560 798
560 985
560 1104
560 1210
560 1303
560 1440
560 1597
560 1878
561 577
561 623
561 1079
561 1111
561 1296
561 1417
561 1620
562 574
562 1012
562 1082
562 1104
562 1319
562 1827
562 1869
562 1880
562 1968
563 767
563 1214
563 1274
563 1300
563 1598
563 1738
563 1862
564 781
564 1277
564 1372
564 1411
564 1604
564 1722
564 1946
565 646
565 1339
565 1471
565 1631
565 1688
565 1855
565 1902
565 1925
566 838
566 1021
566 1165
566 1583
566 1714
566 1894
567 830
567 906
567 1208
567 1331
567 1508
567 1544
567 1860
568 709
568 795
568 922
568 1178
568 1282
568 1474
568 1972
569 642
569 1047
569 1311
570 632
570 885
570 1000
570 1045
570 1092
570 1128
570 1147
570 1366
570 1792
570 1902
571 944
571 1184
571 1195
571 1554
572 743
572 962
572 1365
572 1519
572 1720
572 1787
572 1893
573 679
573 880
573 925
573 1114
573 1950
574 1377
574 1884
574 1905
575 1104
575 1230
575 1400
575 1778
575 1947
576 1219
576 1615
576 1717
576 1857
576 1919
576 1997
577 1566
578 670
578 1320
578 1324
578 1357
578 1441
578 1711
578 1721
578 1829
578 1930
579 730
579 936
579 951
579 1235
580 880
580 1096
580 1281
580 1332
580 1452
580 1477
580 1510
580 1845
581 822
581 878
581 1144
581 1173
581 1253
581 1415
582 602
582 615
582 734
582 1015
582 1046
582 1085
582 1120
582 1128
582 1433
582 1552
582 1942
583 1213
583 1585
583 1728
584 734
584 837
584 1199
584 1248
584 1519
584 1609
584 1754
585 876
585 1055
585 1210
585 1212
585 1441
585 1715
585 1931
586 765
586 798
586 1042
586 1155
586 1430
586 1721
586 1742
586 1947
587 1010
587 1126
587 1140
587 1382
588 1478
588 1955
588 1996
589 678
589 854
589 1623
590 1099
590 1179
590 1650
590 1734
590 1835
590 1874
590 1929
590 1991
591 704
591 713
591 879
591 1008
591 1027
591 1379
591 1380
591 1656
591 1664
591 1712
591 1796
592 1062
592 1181
592 1233
592 1266
592 1512
592 1844
593 628
593 754
593 1002
593 1137
593 1572
593 1650
593 1912
593 1917
594 677
594 773
594 1039
594 1088
594 1249
594 1460
594 1635
594 1820
595 769
595 780
595 817
595 1130
595 1180
595 1330
595 1593
596 646
596 1272
596 1397
596 1639
596 1862
597 941
597 1109
597 1155
597 1302
597 1523
597 1929
598 911
598 1136
598 1199
598 1571
598 1611
598 1702
598 1800
598 1880
599 615
599 722
599 869
599 1276
599 1289
599 1579
599 1668
599 1717
599 1729
599 1811
600 637
600 1492
600 1598
600 1627
600 1707
600 1749
600 1834
601 767
602 637
602 1386
602 1867
603 712
603 1068
603 1410
603 1814
603 1843
604 664
604 830
604 898
604 1394
604 1516
604 1685
604 1752
604 1757
605 1081
605 1276
605 1293
605 1342
605 1372
605 1419
605 1440
605 1686
605 1808
605 1833
606 709
606 814
606 1024
606 1341
606 1344
606 1510
606 1643
606 1922
607 796
607 1064
607 1118
607 1414
607 1568
607 1698
607 1744
607 1901
608 729
608 969
608 980
608 1314
608 1363
608 1466
608 1480
608 1960
609 1704
609 1952
610 636
610 829
610 862
610 1528
610 1706
610 1731
611 806
611 1077
611 1829
612 717
612 949
612 1217
612 1243
612 1287
612 1295
612 1717
612 1789
613 850
613 855
613 909
613 1013
613 1097
613 1269
613 1441
613 1495
613 1551
613 1637
613 1643
614 784
614 852
614 873
614 982
614 1125
614 1483
614 1525
614 1893
615 668
615 794
615 930
615 988
615 1043
615 1171
615 1412
615 1517
616 1027
616 1044
616 1048
616 1112
616 1115
616 1198
616 1317
616 1704
617 720
617 992
617 1011
617 1157
617 1161
617 1195
617 1213
617 1327
617 1586
617 1905
618 778
618 1138
618 1221
618 1344
618 1876
619 700
619 1307
619 1308
619 1455
619 1980
620 798
620 846
620 866
620 1257
620 1936
620 1949
621 653
621 1028
621 1226
621 1594
621 1602
621 1728
621 1872
622 940
622 1033
622 1313
622 1336
622 1403
622 1523
622 1575
622 1590
622 1602
623 851
623 954
623 1011
623 1253
623 1341
623 1475
623 1861
624 754
624 793
624 1067
624 1117
624 1195
624 1278
624 1286
624 1674
624 1891
625 907
625 1052
625 1117
625 1444
625 1700
625 1808
625 1817
625 1981
626 783
626 809
626 869
627 666
627 703
627 1041
627 1197
627 1357
627 1651
627 1661
628 654
628 781
628 805
628 807
628 1041
628 1129
628 1348
628 1475
628 1524
628 1723
628 1918
629 1698
629 1718
629 1769
629 1789
629 1836
630 681
630 880
630 1192
630 1251
630 1554
630 1564
630 1643
630 1761
630 1815
630 1838
631 780
631 1113
631 1119
631 1122
631 1562
631 1632
632 716
632 1075
632 1082
632 1564
632 1900
632 1981
633 1016
633 1048
633 1118
633 1121
633 1292
633 1860
634 983
634 1308
634 1390
634 1448
634 1896
634 1997
635 662
635 679
635 867
635 1161
635 1177
635 1298
635 1438
635 1540
635 1652
635 1675
635 1745
635 1881
636 706
636 1163
636 1288
636 1346
636 1350
636 1352
636 1501
636 1512
636 1538
636 1553
636 1707
636 1749
636 1885
637 926
637 930
637 1110
637 1352
637 1413
637 1812
637 1967
637 1975
638 894
638 1647
639 915
639 941
639 1347
639 1361
639 1384
639 1666
640 1048
640 1826
641 735
641 1158
641 1275
641 1282
641 1309
641 1972
641 1993
642 778
642 1032
642 1261
642 1296
642 1461
642 1769
642 1821
642 1881
642 1908
643 943
643 949
643 977
643 1309
643 1823
644 799
644 1133
644 1475
644 1493
644 1695
644 1743
645 671
645 842
645 1329
645 1477
645 1483
645 1486
645 1701
645 1752
645 1757
645 1892
645 1948
645 1956
646 737
646 878
646 1142
646 1222
646 1253
646 1418
646 1649
646 1854
647 714
647 730
647 1058
647 1078
647 1416
647 1725
647 1807
648 759
648 939
648 949
648 1179
648 1383
648 1529
648 1683
648 1938
649 921
649 931
649 1749
649 1809
649 1871
650 740
650 1023
650 1043
650 1202
650 1253
650 1537
650 1827
651 842
651 1063
651 1154
651 1536
651 1685
651 1697
651 1753
652 1021
652 1161
652 1245
652 1654
652 1738
653 841
653 997
653 1165
653 1319
653 1334
653 1394
653 1554
653 1671
654 1053
654 1265
654 1507
654 1526
654 1885
654 1903
655 963
655 992
655 1193
655 1254
655 1293
655 1496
655 1580
655 1788
656 702
656 755
656 926
656 1719
656 1727
656 1913
656 1958
657 809
657 855
657 1422
657 1452
657 1521
657 1609
657 1612
657 1893
658 811
658 1085
658 1482
658 1684
658 1811
658 1836
659 969
659 1029
659 1062
659 1121
659 1389
659 1433
659 1985
660 1201
660 1396
660 1573
660 1702
660 1737
660 1853
660 1927
661 932
661 987
661 1352
661 1503
662 852
662 953
662 1098
662 1203
662 1931
663 726
663 955
663 1258
663 1266
663 1429
663 1468
663 1835
663 1913
664 877
664 1040
664 1060
664 1105
664 1247
664 1332
664 1646
664 1676
664 1734
664 1794
664 1800
664 1885
665 707
665 776
665 850
665 1182
665 1373
665 1462
665 1697
665 1952
666 705
666 828
666 1015
666 1205
666 1325
666 1446
666 1452
666 1522
666 1631
666 1715
667 997
667 1002
667 1078
667 1193
667 1606
668 752
668 951
668 1034
668 1204
668 1357
668 1689
668 1778
668 1814
669 742
669 772
669 871
669 1062
669 1125
669 1429
669 1549
669 1855
669 1983
670 1369
670 1637
670 1664
670 1895
671 718
671 806
671 917
671 1448
671 1500
671 1572
671 1694
672 703
672 836
672 957
672 1668
672 1856
673 770
673 791
673 953
673 976
673 1040
673 1219
673 1359
673 1445
673 1524
674 705
674 1111
674 1228
674 1249
674 1256
674 1354
674 1678
674 1778
675 827
675 1302
675 1964
676 721
676 777
676 823
676 844
676 1168
676 1485
676 1749
676 1820
676 1846
676 1979
677 1291
677 1499
677 1834
678 771
678 896
678 949
678 999
678 1393
678 1473
679 960
679 1099
679 1315
679 1399
679 1627
679 1641
680 1266
680 1454
680 1838
681 759
681 1161
681 1806
681 1979
681 1982
682 874
682 1288
682 1679
683 1060
683 1325
683 1447
683 1508
683 1608
683 1638
683 1737
683 1821
683 1869
683 1961
684 786
684 788
684 1037
684 1305
684 1423
684 1615
684 1660
684 1966
685 701
685 804
685 967
685 1594
685 1786
686 1037
686 1286
686 1372
686 1379
686 1615
686 1685
686 1710
686 1813
686 1872
686 1952
686 1991
687 690
687 921
687 1018
687 1210
687 1439
687 1867
687 1902
688 903
688 1280
688 1455
688 1603
688 1688
689 873
689 1461
689 1476
689 1507
689 1843
689 1918
689 1924
690 848
690 974
690 1035
690 1130
690 1484
690 1806
690 1845
691 766
691 1156
691 1427
691 1450
691 1476
691 1817
692 1165
692 1205
692 1414
692 1797
693 974
693 1184
693 1292
693 1599
693 1808
693 1966
694 921
694 1063
694 1143
694 1568
694 1648
694 1867
694 1913
694 1916
694 1973
695 739
695 1095
695 1898
696 1341
696 1358
696 1403
696 1493
696 1840
696 1979
697 756
697 888
697 1238
697 1762
698 954
698 1152
698 1339
698 1375
698 1481
698 1668
698 1746
698 1872
699 718
699 781
699 919
699 1005
699 1030
699 1091
699 1193
699 1295
699 1493
699 1639
699 1683
700 953
700 968
700 1102
700 1195
700 1304
700 1518
700 1775
700 1831
701 1050
701 1114
701 1301
701 1307
701 1359
701 1812
701 1960
702 951
702 1157
702 1255
702 1364
702 1539
702 1976
703 1530
703 1547
704 753
704 814
704 1364
704 1376
704 1435
704 1486
704 1509
704 1631
704 1636
704 1683
705 718
705 890
705 1063
705 1385
705 1635
706 921
706 1547
706 1593
706 1644
706 1672
706 1726
706 1845
707 1138
707 1263
707 1391
707 1770
708 717
708 894
708 1128
708 1328
708 1525
709 862
709 1578
709 1754
710 1792
711 891
711 1082
711 1513
711 1708
711 1999
712 726
712 1059
712 1372
712 1422
712 1486
712 1574
712 1645
712 1916
713 1256
713 1450
713 1865
713 1957
714 878
714 902
714 932
714 1146
714 1267
714 1281
714 1420
714 1442
714 1687
714 1862
714 1916
714 1943
714 1985
715 874
715 972
715 1049
715 1451
715 1912
715 1918
716 751
716 864
716 1205
716 1449
716 1469
716 1593
716 1859
716 1985
717 790
717 961
717 1106
717 1465
717 1505
717 1852
718 720
718 879
718 1003
718 1625
718 1696
718 1747
718 1803
718 1817
718 1949
719 1014
719 1323
719 1645
720 850
720 874
720 917
720 1100
720 1105
720 1119
720 1287
720 1590
720 1782
721 858
721 1719
721 1850
721 1871
722 956
722 1473
722 1505
722 1787
723 844
723 1024
723 1034
723 1357
723 1379
723 1393
723 1548
723 1561
723 1711
723 1753
723 1805
724 771
724 848
724 1093
724 1389
724 1621
724 1646
725 1358
725 1595
725 1945
726 781
726 1041
726 1508
726 1714
726 1736
727 737
727 1192
727 1300
727 1321
727 1346
727 1395
727 1832
727 1997
728 1118
728 1136
728 1264
728 1328
728 1441
728 1668
729 1164
729 1193
729 1362
729 1559
730 803
730 811
730 1035
730 1110
730 1428
730 1578
730 1949
731 796
731 1481
731 1560
732 1110
732 1200
732 1800
732 1853
732 1866
733 1522
733 1764
733 1825
733 1833
734 798
734 1172
734 1206
735 872
735 922
735 1590
735 1630
736 864
736 924
736 943
736 956
736 1091
736 1290
736 1346
736 1673
736 1880
737 990
737 1052
737 1717
738 795
738 904
738 1034
738 1290
738 1451
738 1618
738 1906
739 783
739 882
739 1287
739 1460
739 1536
739 1645
739 1937
740 775
740 1449
740 1806
740 1893
741 850
741 1124
741 1162
741 1454
741 1791
742 833
742 888
742 996
742 1308
742 1436
742 1632
742 1802
743 1206
743 1454
743 1651
743 1723
743 1758
743 1861
744 1076
744 1524
744 1540
744 1678
744 1774
744 1904
745 781
745 1822
745 1837
746 783
746 1469
746 1544
746 1604
747 882
747 1019
747 1093
747 1189
747 1228
747 1822
747 1850
748 755
748 1091
748 1297
748 1659
749 843
749 861
749 1003
749 1267
749 1595
749 1653
749 1654
750 1170
750 1177
750 1258
750 1268
750 1302
750 1486
750 1767
750 1871
751 1414
751 1632
751 1667
751 1870
751 1963
752 1265
752 1621
753 908
753 999
753 1140
753 1271
753 1441
753 1596
753 1843
753 1971
754 1257
754 1426
754 1582
754 1775
754 1891
755 787
755 802
755 1008
755 1017
755 1729
755 1922
756 774
756 832
756 989
756 1384
756 1474
756 1566
756 1758
756 1824
757 1375
757 1416
757 1866
758 880
758 915
758 1339
758 1740
758 1751
759 842
759 860
759 916
759 1045
759 1319
759 1460
759 1625
759 1631
760 900
760 1199
760 1384
761 838
761 1333
761 1368
761 1383
761 1440
761 1527
761 1677
761 1781
761 1804
761 1894
762 839
762 1131
762 1217
762 1835
762 1858
763 1659
764 1165
764 1292
764 1688
764 1796
764 1947
765 1082
765 1172
765 1216
765 1232
765 1285
765 1328
765 1534
765 1855
765 1889
765 1911
765 1940
766 831
766 858
766 1136
766 1271
766 1420
766 1573
766 1577
766 1591
766 1605
766 1622
766 1664
766 1801
767 916
767 1057
767 1058
767 1060
767 1691
767 1732
767 1777
768 1102
768 1299
768 1547
768 1709
768 1769
768 1802
768 1823
768 1826
769 978
769 1118
769 1177
769 1381
769 1687
769 1831
769 1860
770 930
770 1522
770 1612
770 1638
771 784
771 1083
771 1379
771 1533
771 1648
771 1698
771 1749
772 1046
772 1377
772 1446
772 1549
772 1938
773 907
773 1210
773 1446
773 1463
773 1504
773 1715
773 1799
773 1801
774 804
774 1002
774 1176
774 1627
774 1797
774 1823
775 777
775 985
775 1200
775 1414
775 1532
776 923
776 1055
776 1084
776 1461
776 1488
776 1791
777 1077
777 1096
777 1109
777 1428
777 1889
777 1945
777 1977
778 843
778 850
778 997
778 1240
778 1326
778 1345
778 1615
778 1971
779 784
779 848
779 1091
779 1418
779 1423
779 1669
779 1712
779 1742
779 1760
779 1828
780 896
780 926
780 1385
780 1440
780 1569
780 1644
780 1703
780 1759
780 1949
780 1953
781 1301
782 873
782 1116
782 1242
782 1476
782 1483
782 1548
782 1562
782 1634
782 1641
782 1807
783 819
783 877
783 1071
783 1424
783 1490
783 1688
783 1701
784 1029
784 1583
784 1776
784 1848
785 1431
785 1490
785 1527
785 1660
785 1737
785 1765
786 792
786 802
786 846
786 1257
786 1281
786 1435
786 1541
786 1836
787 997
787 1149
787 1556
787 1912
788 854
788 1057
788 1328
788 1433
788 1518
788 1523
788 1597
788 1684
788 1789
788 1945
789 1318
789 1372
789 1492
789 1513
789 1672
790 797
790 889
790 991
790 1290
790 1481
790 1499
790 1577
790 1691
790 1735
790 1758
791 829
791 939
791 1033
791 1049
791 1269
791 1309
791 1485
792 839
792 865
792 879
792 1111
792 1287
792 1874
792 1983
793 877
793 1056
793 1519
794 1638
794 1684
794 1793
795 830
795 1015
795 1114
795 1192
795 1478
795 1795
795 1948
796 882
796 1284
796 1311
796 1584
796 1592
796 1943
796 1972
797 876
797 1146
797 1470
797 1804
798 1265
799 1033
799 1080
799 1346
799 1610
799 1991
800 1015
800 1020
800 1061
800 1115
800 1670
801 809
801 943
801 1225
801 1328
801 1431
801 1466
801 1552
802 912
802 1116
802 1123
802 1358
802 1639
802 1967
803 990
803 1224
804 863
804 1038
804 1262
804 1414
804 1897
805 929
805 962
805 1198
805 1359
805 1506
805 1703
805 1897
805 1956
806 819
806 934
806 959
806 1270
806 1308
806 1742
806 1901
806 1972
807 838
807 1119
807 1213
807 1268
807 1559
808 1081
808 1277
808 1603
808 1712
808 1762
809 919
809 934
809 997
809 1122
809 1165
809 1441
809 1497
809 1711
809 1890
810 1003
810 1035
810 1118
810 1178
810 1226
810 1295
810 1631
810 1633
810 1757
811 1155
811 1351
811 1386
811 1760
811 1787
811 1829
811 1879
811 1909
812 920
812 1052
812 1256
812 1391
812 1409
812 1542
813 881
813 929
813 1225
813 1267
813 1296
813 1332
813 1604
813 1661
813 1781
813 1800
813 1855
813 1865
814 947
814 992
814 1035
814 1073
814 1125
814 1963
815 1155
815 1161
815 1270
815 1338
815 1632
815 1740
816 1075
816 1450
816 1452
817 1064
817 1234
817 1561
818 867
818 955
818 987
818 1022
818 1220
818 1347
818 1819
818 1999
819 831
819 963
819 1128
819 1205
819 1448
819 1921
820 1085
820 1131
820 1224
820 1239
821 1348
821 1384
821 1739
821 1747
822 1033
822 1123
822 1195
822 1287
822 1501
822 1962
822 1993
823 1216
823 1338
823 1379
823 1438
823 1477
823 1606
823 1623
823 1640
823 1681
823 1963
824 845
824 1251
824 1503
824 1643
825 1787
825 1935
825 1984
826 879
826 1032
826 1644
826 1979
827 1659
827 1671
827 1786
828 852
828 1019
828 1145
828 1371
828 1548
828 1935
829 1008
829 1263
829 1268
829 1509
829 1537
829 1703
829 1797
830 844
830 903
830 1670
830 1761
830 1768
830 1887
831 1064
831 1123
831 1174
831 1361
831 1413
831 1534
832 912
832 1146
833 1432
833 1747
833 1854
834 1061
834 1266
834 1463
834 1606
834 1669
834 1857
834 1921
835 1008
835 1428
835 1757
835 1802
835 1919
835 1992
836 873
836 1138
836 1212
836 1406
836 1428
836 1443
836 1728
836 1751
836 1800
836 1808
837 905
837 957
837 1204
837 1557
837 1670
838 914
838 1033
838 1081
838 1198
838 1321
838 1844
839 851
839 1425
839 1722
839 1869
840 1073
840 1192
840 1315
840 1486
840 1756
840 1809
841 846
841 1083
841 1201
841 1898
842 976
842 1102
842 1106
842 1860
843 991
843 1009
843 1190
843 1449
843 1465
843 1870
844 1138
844 1263
844 1417
844 1482
844 1550
844 1637
845 951
845 969
845 1211
845 1362
845 1440
846 915
846 1493
846 1745
846 1805
847 1449
847 1522
847 1725
847 1728
848 1751
848 1779
848 1948
849 1197
849 1393
849 1568
850 851
850 1081
851 925
851 1009
851 1076
851 1342
851 1681
852 950
852 956
852 957
852 964
852 1171
852 1350
852 1840
852 1906
853 1257
853 1788
854 961
854 1996
855 1043
855 1492
855 1514
855 1650
855 1838
856 1005
856 1037
856 1116
856 1404
856 1534
856 1720
856 1823
858 860
858 991
858 1036
858 1057
858 1292
858 1678
858 1727
858 1779
859 873
859 881
859 1023
859 1156
859 1695
860 862
860 1089
860 1465
860 1507
860 1731
860 1931
861 1010
861 1071
861 1179
861 1191
861 1228
861 1651
861 1793
862 1769
863 1125
863 1331
863 1363
863 1926
863 1981
864 951
864 1025
864 1036
864 1044
864 1070
864 1503
864 1523
864 1580
864 1854
865 903
865 1423
865 1431
865 1468
865 1742
865 1842
866 1426
866 1484
866 1647
866 1781
867 872
867 1060
867 1198
867 1529
867 1571
867 1660
867 1672
867 1703
867 1765
867 1784
868 1077
868 1264
868 1441
868 1566
868 1731
869 911
869 1007
869 1103
869 1638
870 894
870 1758
870 1776
871 878
871 894
871 1001
871 1458
871 1524
871 1580
871 1592
871 1851
871 1924
872 1325
872 1517
872 1741
873 1274
873 1282
873 1939
873 1944
873 1960
874 949
874 1408
874 1645
875 944
875 1060
875 1065
875 1268
876 1008
876 1122
876 1131
876 1293
876 1308
876 1365
876 1412
876 1502
876 1599
876 1726
876 1798
877 1352
877 1407
877 1462
877 1490
877 1595
877 1606
877 1721
877 1784
877 1907
878 1045
878 1863
879 972
879 1041
879 1325
879 1427
879 1470
879 1628
879 1896
880 1442
880 1534
880 1601
881 988
881 1001
881 1044
881 1385
881 1445
881 1488
881 1616
881 1693
881 1884
882 904
882 998
882 1203
882 1378
882 1890
883 1097
883 1271
883 1375
883 1607
883 1705
883 1940
883 1984
884 1224
884 1454
885 944
885 1168
885 1306
885 1603
885 1713
885 1835
886 996
886 1013
886 1201
886 1272
886 1294
886 1716
887 997
887 1213
887 1894
888 942
888 996
888 1317
888 1385
888 1635
888 1829
888 1899
888 1935
889 1034
889 1329
889 1354
889 1744
889 1747
889 1800
889 1813
889 1913
890 898
890 1056
890 1708
891 1300
891 1513
891 1812
891 1989
892 1365
893 1004
893 1211
893 1218
893 1484
893 1564
893 1678
893 1857
894 993
894 1020
894 1434
894 1650
894 1936
895 1071
895 1266
895 1365
895 1429
895 1689
895 1733
895 1968
896 1254
896 1520
896 1702
896 1858
896 1897
897 899
897 902
897 1069
897 1201
897 1251
897 1451
897 1654
897 1701
897 1753
898 928
898 976
898 1215
898 1269
898 1362
898 1871
899 1081
899 1185
899 1483
899 1804
900 959
900 964
900 1262
900 1384
900 1530
900 1734
900 1769
900 1890
900 1896
901 1299
901 1338
901 1567
901 1673
901 1929
902 1002
902 1344
902 1439
902 1753
902 1833
903 969
903 986
903 1085
903 1508
903 1729
903 1755
903 1772
904 1036
904 1039
904 1347
904 1435
904 1818
905 1144
905 1147
905 1242
905 1381
905 1620
905 1745
906 1260
906 1390
906 1483
906 1698
906 1754
907 930
907 1145
907 1188
907 1587
908 1173
908 1434
908 1607
908 1609
908 1675
909 1066
909 1301
909 1332
909 1496
910 1054
910 1056
910 1143
910 1288
910 1331
910 1603
910 1940
911 1094
911 1731
912 1062
912 1349
912 1715
912 1931
913 1128
913 1250
913 1419
913 1640
913 1732
913 1752
913 1848
913 1891
913 1993
914 1148
914 1192
914 1849
915 1132
915 1361
915 1369
915 1825
915 1960
916 929
916 957
916 1741
916 1866
917 986
917 1949
918 1146
918 1641
918 1871
918 1897
919 1029
919 1440
919 1561
919 1570
919 1731
920 1103
920 1291
920 1340
920 1532
920 1791
920 1980
921 1020
921 1055
921 1081
921 1353
921 1464
921 1519
921 1528
921 1934
921 1939
922 1081
922 1429
922 1845
922 1942
922 1976
923 1260
923 1290
923 1527
923 1561
923 1613
923 1864
923 1875
924 1225
924 1269
924 1351
924 1737
924 1757
924 1807
925 1023
925 1453
926 995
926 1289
926 1384
926 1814
927 1717
927 1746
927 1973
928 941
928 1303
928 1666
928 1692
929 1244
929 1536
929 1897
930 1014
930 1124
930 1417
930 1485
930 1643
930 1929
931 933
931 944
931 1069
931 1135
931 1706
931 1825
931 1975
932 1145
932 1223
932 1312
932 1703
932 1990
933 1557
933 1654
933 1895
934 1118
934 1405
934 1770
934 1779
934 1878
934 1879
935 967
935 1406
935 1417
935 1426
935 1658
935 1825
935 1850
935 1982
936 989
936 1055
936 1569
936 1865
937 964
937 969
937 993
937 1146
937 1347
937 1413
937 1423
937 1437
937 1814
937 1995
939 1084
939 1096
939 1103
939 1223
939 1332
939 1363
939 1499
939 1540
940 1106
940 1308
940 1542
940 1739
940 1846
941 1016
941 1236
941 1308
941 1595
941 1634
941 1733
941 1773
941 1805
942 996
942 1277
942 1330
942 1546
943 1708
943 1784
943 1965
944 1071
945 957
945 1037
945 1199
945 1295
945 1332
945 1851
946 1096
946 1253
946 1562
946 1655
946 1667
946 1744
946 1794
947 1109
947 1316
947 1403
947 1666
947 1719
947 1962
948 978
948 1550
948 1568
948 1903
948 1997
949 1363
949 1660
949 1693
949 1717
949 1967
949 1993
950 1003
950 1138
950 1764
950 1811
950 1852
951 1283
951 1576
951 1668
951 1733
951 1941
952 1557
952 1911
952 1960
953 1034
953 1070
953 1083
953 1217
953 1336
953 1358
953 1505
953 1700
954 976
954 1129
954 1500
954 1545
954 1651
954 1675
954 1679
955 1063
955 1192
955 1487
955 1644
955 1729
955 1882
956 1500
956 1627
956 1959
957 1422
957 1543
958 1033
958 1085
958 1189
958 1355
958 1581
958 1811
958 1921
959 1226
959 1331
959 1514
959 1555
959 1981
960 1075
960 1167
960 1168
960 1257
960 1447
960 1881
960 1889
961 1096
961 1103
961 1273
961 1567
961 1605
961 1984
962 1085
962 1187
962 1314
962 1437
962 1498
962 1963
963 1024
963 1179
963 1317
963 1770
963 1829
963 1970
964 1158
964 1341
964 1373
964 1699
964 1761
964 1988
965 1159
965 1248
965 1644
965 1726
965 1831
966 1509
966 1913
966 1980
967 1027
967 1195
967 1244
967 1305
967 1321
967 1506
967 1726
967 1840
967 1957
967 1984
968 1081
968 1763
969 995
969 1089
969 1421
969 1434
969 1536
969 1576
969 1945
970 1290
970 1331
970 1605
970 1679
970 1795
970 1908
971 1049
971 1052
971 1065
971 1291
971 1823
971 1871
972 1086
972 1087
972 1415
972 1449
972 1580
972 1594
972 1646
972 1663
972 1667
972 1954
973 1143
973 1706
973 1853
974 989
974 1383
974 1700
975 1013
975 1037
975 1140
975 1180
975 1329
975 1385
975 1546
975 1555
976 1350
976 1675
976 1727
976 1733
977 1481
977 1546
977 1604
977 1723
978 1448
978 1479
978 1497
978 1744
979 1021
979 1519
980 1018
980 1129
980 1270
981 1773
981 1996
982 1017
982 1769
982 1830
983 1136
983 1218
983 1342
983 1387
983 1492
983 1572
983 1714
983 1933
983 1947
984 1065
984 1244
984 1302
984 1356
984 1448
984 1641
984 1682
984 1750
984 1764
984 1981
985 1385
985 1729
985 1867
986 1047
986 1114
986 1454
986 1669
986 1744
986 1784
986 1937
986 1939
987 1167
987 1194
987 1198
987 1333
987 1375
987 1415
987 1433
987 1975
988 1088
988 1115
988 1625
989 1226
989 1240
989 1552
989 1838
989 1975
990 1247
990 1513
990 1871
990 1992
991 1164
991 1653
991 1677
991 1820
991 1999
992 1157
992 1218
992 1699
992 1766
993 1087
993 1157
993 1412
993 1732
994 1154
994 1428
994 1829
994 1862
995 1215
995 1226
995 1380
995 1405
995 1584
995 1599
995 1638
996 1166
996 1435
996 1621
996 1727
996 1883
996 1991
997 1057
997 1159
997 1179
997 1576
997 1722
997 1728
998 1828
998 1878
999 1057
999 1079
999 1478
1000 1298
1000 1379
1000 1433
1000 1522
1000 1603
1000 1607
1000 1747
1000 1879
1001 1126
1001 1139
1001 1311
1001 1495
1001 1655
1002 1702
1002 1874
1003 1055
1003 1717
1003 1756
1003 1813
1004 1055
1004 1479
1005 1272
1005 1758
1006 1044
1006 1352
1006 1510
1006 1604
1006 1612
1006 1945
1007 1092
1007 1104
1007 1118
1007 1244
1007 1396
1007 1733
1008 1009
1008 1452
1008 1497
1008 1890
1009 1411
1009 1867
1010 1211
1010 1266
1010 1660
1010 1898
1010 1920
1011 1051
1011 1666
1011 1826
1011 1903
1011 1954
1012 1274
1012 1382
1012 1604
1012 1678
1012 1888
1012 1930
1013 1030
1013 1060
1013 1238
1013 1390
1013 1499
1013 1594
1013 1628
1013 1700
1013 1808
1013 1834
1013 1885
1013 1897
1014 1061
1014 1422
1014 1586
1014 1840
1015 1053
1015 1218
1015 1409
1015 1413
1015 1641
1016 1256
1016 1361
1016 1593
1016 1692
1016 1931
1016 1971
1017 1379
1017 1950
1018 1304
1018 1341
1018 1726
1019 1089
1019 1169
1019 1378
1019 1885
1019 1948
1020 1266
1020 1882
1021 1064
1021 1294
1021 1363
1021 1385
1021 1626
1021 1635
1021 1736
1021 1760
1021 1821
1021 1877
1022 1024
1022 1099
1022 1113
1022 1270
1022 1345
1022 1871
1023 1341
1024 1474
1025 1348
1025 1541
1025 1595
1025 1984
1026 1375
1026 1473
1026 1511
1026 1523
1026 1701
1027 1716
1027 1891
1028 1679
1029 1303
1029 1347
1029 1887
1030 1490
1030 1587
1031 1112
1031 1638
1031 1744
1032 1069
1032 1093
1032 1174
1032 1224
1032 1242
1032 1703
1033 1039
1033 1069
1033 1185
1033 1322
1033 1387
1033 1711
1033 1869
1033 1937
1034 1266
1034 1270
1034 1426
1034 1505
1034 1693
1034 1760
1034 1932
1034 1964
1035 1045
1035 1301
1035 1353
1035 1554
1035 1927
1036 1084
1036 1090
1036 1379
1036 1519
1036 1810
1036 1967
1037 1066
1037 1844
1037 1983
1038 1072
1038 1073
1038 1190
1038 1463
1038 1890
1038 1928
1039 1059
1039 1464
1039 1577
1040 1098
1040 1225
1040 1248
1040 1868
1040 1893
1041 1090
1041 1193
1041 1352
1041 1530
1041 1663
1041 1908
1042 1277
1042 1558
1042 1657
1042 1879
1042 1894
1042 1988
1043 1280
1043 1357
1044 1127
1044 1154
1044 1200
1044 1391
1044 1982
1045 1153
1045 1177
1045 1257
1045 1478
1045 1769
1045 1925
1046 1130
1046 1558
1046 1701
1046 1710
1046 1732
1047 1098
1047 1110
1047 1247
1047 1680
1047 1768
1048 1378
1048 1818
1049 1096
1049 1195
1049 1838
1049 1966
1049 1991
1050 1238
1050 1399
1050 1556
1050 1751
1050 1860
1050 1879
1051 1304
1051 1434
1051 1737
1051 1777
1052 1115
1052 1183
1052 1651
1052 1740
1052 1745
1053 1461
1053 1550
1053 1970
1055 1201
1055 1413
1055 1810
1056 1144
1056 1801
1056 1888
1057 1260
1057 1446
1057 1477
1057 1646
1058 1124
1058 1248
1058 1340
1058 1405
1058 1489
1058 1818
1059 1347
1059 1428
1059 1673
1059 1824
1060 1147
1060 1370
1061 1363
1061 1637
1061 1828
1062 1224
1062 1451
1062 1566
1062 1592
1062 1604
1062 1846
1063 1128
1063 1173
1063 1231
1063 1573
1063 1690
1063 1916
1063 1944
1063 1963
1064 1373
1064 1683
1064 1976
1065 1166
1065 1409
1065 1434
1065 1563
1065 1612
1065 1651
1065 1706
1065 1769
1066 1144
1066 1184
1066 1334
1066 1347
1067 1148
1067 1160
1067 1394
1067 1420
1067 1421
1067 1909
1068 1662
1068 1745
1068 1839
1069 1242
1069 1730
1069 1832
1069 1999
1070 1318
1070 1412
1070 1580
1070 1715
1070 1892
1071 1454
1071 1570
1071 1674
1071 1859
1072 1117
1072 1136
1072 1219
1072 1301
1072 1557
1072 1687
1072 1739
1073 1198
1073 1308
1073 1483
1074 1556
1074 1560
1074 1563
1075 1461
1075 1936
1076 1601
1076 1905
1077 1135
1077 1382
1077 1526
1077 1651
1078 1770
1078 1837
1078 1908
1079 1460
1079 1497
1079 1598
1079 1859
1079 1960
1080 1102
1080 1211
1080 1242
1080 1593
1081 1693
1081 1910
1081 1965
1082 1167
1082 1233
1082 1573
1082 1647
1082 1951
1082 1958
1083 1244
1083 1312
1083 1505
1083 1672
1083 1951
1084 1327
1084 1592
1084 1865
1084 1901
1085 1202
1085 1287
1085 1453
1085 1580
1085 1720
1086 1375
1086 1399
1086 1413
1086 1453
1086 1482
1086 1611
1086 1873
1087 1125
1087 1163
1087 1311
1087 1318
1087 1441
1087 1483
1087 1536
1087 1580
1087 1727
1088 1158
1088 1480
1088 1531
1088 1609
1088 1939
1088 1992
1089 1161
1089 1366
1089 1471
1089 1663
1089 1890
1089 1896
1089 1910
1090 1132
1090 1271
1090 1470
1090 1673
1090 1746
1090 1828
1091 1128
1091 1414
1091 1519
1092 1124
1092 1515
1092 1643
1092 1669
1092 1670
1092 1866
1093 1171
1093 1198
1093 1411
1093 1423
1093 1492
1093 1940
1094 1686
1094 1688
1094 1768
1094 1956
1095 1393
1095 1405
1095 1481
1095 1533
1095 1711
1096 1165
1096 1415
1096 1565
1096 1574
1096 1827
1097 1170
1097 1241
1097 1419
1097 1670
1097 1692
1097 1805
1097 1893
1098 1280
1098 1289
1098 1304
1098 1479
1098 1560
1098 1683
1098 1928
1099 1235
1100 1188
1100 1400
1100 1482
1100 1728
1100 1750
1102 1283
1102 1521
1102 1528
1102 1605
1102 1740
1102 1863
1102 1986
1103 1251
1103 1324
1103 1397
1103 1412
1103 1655
1103 1716
1103 1731
1103 1835
1103 1852
1104 1323
1104 1343
1104 1372
1104 1460
1104 1785
1104 1825
1105 1442
1105 1598
1105 1810
1106 1467
1106 1498
1106 1609
1107 1148
1107 1321
1107 1433
1107 1552
1107 1668
1107 1688
1108 1169
1108 1257
1108 1542
1108 1651
1108 1728
1109 1127
1109 1280
1109 1514
1109 1860
1110 1113
1110 1275
1110 1406
1110 1797
1110 1972
1110 1999
1111 1121
1111 1569
1111 1952
1112 1621
1112 1642
1112 1656
1112 1738
1112 1739
1112 1821
1113 1648
1113 1817
1113 1956
1114 1249
1114 1289
1114 1358
1114 1485
1114 1632
1115 1215
1115 1369
1115 1400
1115 1451
1115 1631
1115 1794
1115 1862
1115 1863
1115 1936
1116 1181
1116 1528
1117 1365
1117 1408
1117 1458
1117 1502
1118 1189
1118 1774
1118 1778
1118 1825
1118 1891
1118 1907
1119 1380
1119 1508
1119 1645
1119 1864
1119 1902
1120 1647
1121 1571
1121 1576
1121 1633
1121 1824
1122 1150
1122 1320
1122 1419
1122 1504
1122 1590
1122 1805
1123 1258
1123 1795
1123 1896
1124 1410
1124 1582
1124 1987
1125 1590
1125 1875
1125 1905
1125 1929
1126 1227
1126 1484
1126 1839
1126 1905
1127 1426
1127 1427
1127 1600
1127 1672
1127 1749
1127 1759
1127 1889
1128 1427
1128 1764
1129 1704
1129 1772
1129 1785
1129 1860
1129 1965
1130 1198
1130 1570
1130 1590
1130 1834
1130 1917
1131 1180
1131 1289
1131 1405
1131 1484
1131 1694
1131 1742
1131 1917
1131 1969
1132 1359
1132 1899
1133 1153
1133 1375
1133 1677
1133 1837
1133 1935
1134 1217
1134 1550
1135 1266
1135 1270
1135 1314
1135 1745
1135 1765
1136 1337
1136 1423
1136 1598
1136 1829
1136 1982
1138 1206
1138 1243
1138 1815
1138 1900
1139 1152
1139 1590
1139 1713
1139 1730
1139 1848
1140 1312
1140 1428
1140 1481
1140 1534
1140 1573
1140 1761
1140 1860
1141 1211
1141 1434
1141 1579
1141 1653
1142 1404
1142 1436
1142 1746
1142 1786
1142 1884
1143 1370
1143 1429
1143 1618
1143 1677
1144 1190
1144 1403
1144 1519
1144 1952
1145 1522
1145 1580
1145 1762
1145 1803
1145 1940
1145 1971
1146 1244
1146 1569
1146 1724
1146 1776
1146 1989
1147 1215
1147 1325
1147 1425
1147 1464
1147 1657
1147 1748
1148 1264
1148 1571
1148 1576
1148 1609
1148 1995
1149 1436
1149 1967
1149 1975
1150 1456
1150 1609
1150 1642
1150 1809
1151 1202
1151 1214
1151 1489
1151 1582
1151 1873
1151 1949
1152 1200
1152 1256
1152 1820
1153 1526
1153 1555
1153 1646
1153 1699
1153 1818
1153 1997
1154 1716
1155 1464
1155 1651
1155 1691
1156 1276
1156 1838
1156 1986
1157 1164
1157 1236
1157 1287
1157 1357
1157 1371
1157 1438
1157 1444
1157 1775
1157 1803
1157 1829
1158 1252
1159 1324
1159 1495
1159 1586
1159 1688
1159 1794
1159 1891
1159 1974
1160 1912
1161 1419
1161 1548
1161 1573
1161 1812
1161 1870
1161 1903
1161 1925
1161 1977
1162 1215
1163 1647
1163 1904
1164 1364
1164 1506
1164 1854
1165 1278
1165 1572
1165 1777
1166 1611
1167 1296
1167 1329
1167 1439
1167 1498
1167 1515
1167 1524
1167 1589
1168 1303
1168 1483
1168 1616
1169 1210
1169 1367
1169 1412
1169 1755
1169 1913
1170 1241
1170 1296
1170 1661
1170 1775
1170 1864
1170 1883
1170 1973
1172 1487
1172 1824
1172 1826
1172 1879
1172 1916
1173 1507
1173 1736
1173 1778
1173 1789
1173 1790
1173 1813
1174 1337
1174 1738
1174 1769
1175 1400
1175 1721
1176 1463
1176 1489
1176 1578
1176 1717
1176 1747
1176 1840
1176 1944
1176 1993
1177 1233
1177 1365
1177 1941
1178 1346
1178 1454
1178 1623
1178 1963
1178 1997
1179 1511
1179 1933
1180 1521
1180 1865
1180 1902
1181 1293
1181 1375
1181 1760
1181 1924
1182 1452
1182 1494
1182 1838
1183 1201
1183 1371
1183 1411
1183 1554
1183 1596
1183 1610
1183 1736
1183 1931
1184 1230
1184 1275
1184 1301
1184 1342
1184 1454
1184 1534
1185 1191
1185 1504
1185 1547
1185 1869
1185 1888
1186 1542
1186 1820
1187 1271
1187 1301
1187 1302
1187 1705
1187 1851
1188 1254
1189 1389
1189 1436
1189 1899
1190 1224
1190 1289
1190 1421
1190 1852
1191 1225
1191 1398
1191 1564
1191 1806
1192 1337
1192 1563
1192 1801
1193 1265
1193 1320
1193 1861
1194 1483
1194 1642
1194 1922
1194 1971
1195 1523
1195 1660
1195 1675
1196 1210
1196 1418
1198 1263
1198 1533
1198 1558
1198 1701
1198 1754
1199 1510
1199 1683
1199 1885
1200 1309
1200 1472
1200 1592
1201 1265
1201 1913
1201 1954
1201 1997
1202 1279
1202 1469
1202 1838
1203 1323
1203 1325
1203 1339
1203 1500
1203 1587
1204 1620
1204 1809
1204 1974
1205 1710
1205 1800
1206 1380
1206 1506
1206 1633
1206 1924
1207 1646
1207 1705
1207 1803
1207 1989
1208 1261
1208 1390
1208 1783
1208 1884
1209 1296
1209 1672
1209 1675
1209 1724
1210 1339
1210 1873
1210 1922
1211 1323
1211 1538
1211 1577
1211 1608
1211 1614
1211 1764
1212 1262
1212 1773
1212 1953
1212 1961
1213 1216
1213 1604
1213 1647
1213 1733
1213 1932
1214 1262
1214 1878
1214 1928
1215 1276
1215 1422
1215 1524
1215 1714
1215 1953
1216 1262
1216 1346
1216 1736
1216 1925
1216 1969
1217 1312
1217 1424
1218 1543
1218 1581
1218 1600
1218 1907
1218 1917
1219 1386
1219 1765
1219 1797
1220 1223
1220 1430
1220 1451
1220 1593
1220 1682
1220 1780
1220 1855
1221 1516
1221 1587
1221 1727
1221 1791
1221 1888
1221 1942
1222 1616
1222 1899
1223 1403
1223 1478
1223 1662
1223 1840
1223 1980
1224 1532
1224 1647
1224 1903
1225 1268
1225 1269
1225 1779
1225 1859
1225 1923
1225 1962
1226 1625
1226 1718
1226 1957
1226 1985
1227 1488
1227 1677
1227 1813
1227 1930
1228 1318
1228 1323
1228 1499
1228 1530
1228 1538
1228 1783
1228 1860
1228 1946
1229 1275
1230 1376
1230 1583
1230 1595
1230 1687
1230 1688
1230 1720
1230 1945
1230 1986
1232 1949
1233 1452
1233 1585
1233 1639
1233 1642
1233 1758
1233 1835
1235 1821
1236 1271
1236 1331
1236 1502
1236 1865
1236 1952
1237 1412
1237 1466
1237 1816
1238 1428
1238 1826
1238 1915
1239 1476
1239 1534
1239 1650
1240 1763
1240 1963
1241 1527
1241 1837
1242 1363
1242 1647
1242 1697
1242 1871
1242 1903
1243 1382
1243 1411
1243 1415
1243 1575
1243 1595
1243 1803
1244 1368
1244 1454
1244 1666
1244 1667
1244 1885
1245 1622
1245 1867
1245 1950
1246 1288
1246 1310
1246 1509
1246 1625
1246 1685
1247 1767
1247 1778
1247 1933
1247 1980
1247 1992
1248 1680
1249 1260
1249 1481
1249 1545
1249 1964
1250 1290
1250 1330
1250 1446
1250 1488
1250 1608
1250 1836
1251 1281
1251 1475
1251 1824
1251 1940
1252 1498
1252 1676
1252 1777
1252 1778
1252 1871
1252 1924
1253 1379
1253 1419
1253 1751
1253 1895
1253 1996
1254 1300
1254 1467
1255 1374
1255 1708
1255 1741
1255 1785
1255 1838
1255 1916
1256 1384
1256 1417
1256 1454
1256 1498
1256 1811
1256 1827
1256 1895
1257 1437
1257 1539
1257 1545
1258 1324
1258 1400
1258 1459
1258 1641
1258 1645
1259 1331
1259 1474
1259 1729
1260 1336
1260 1379
1260 1556
1260 1722
1260 1744
1260 1914
1261 1282
1261 1490
1261 1530
1261 1570
1261 1677
1261 1681
1261 1741
1261 1762
1261 1968
1262 1392
1263 1350
1263 1508
1263 1704
1263 1761
1263 1833
1263 1988
1264 1510
1264 1731
1264 1739
1264 1759
1264 1977
1265 1934
1266 1341
1266 1786
1266 1903
1267 1278
1267 1522
1267 1672
1268 1340
1268 1424
1268 1453
1268 1717
1268 1770
1268 1820
1268 1900
1269 1461
1269 1612
1269 1763
1269 1925
1270 1366
1270 1570
1271 1306
1271 1512
1271 1852
1272 1571
1272 1745
1272 1783
1273 1830
1273 1874
1273 1955
1274 1420
1274 1698
1274 1897
1275 1786
1276 1787
1277 1283
1277 1340
1277 1348
1277 1395
1277 1492
1277 1527
1277 1622
1277 1691
1277 1759
1277 1917
1278 1453
1278 1524
1278 1684
1278 1909
1279 1438
1279 1452
1279 1633
1280 1330
1280 1691
1280 1765
1280 1830
1281 1840
1282 1532
1282 1587
1283 1311
1283 1376
1283 1423
1283 1537
1283 1541
1283 1710
1283 1828
1284 1505
1284 1833
1285 1647
1285 1848
1286 1405
1286 1833
1286 1858
1287 1611
1287 1769
1287 1982
1288 1471
1288 1591
1288 1800
1288 1931
1288 1983
1289 1625
1289 1943
1290 1377
1290 1505
1290 1536
1290 1745
1291 1357
1291 1384
1291 1501
1291 1643
1291 1854
1292 1569
1292 1636
1292 1684
1292 1807
1292 1963
1293 1326
1293 1521
1293 1683
1293 1766
1293 1920
1293 1925
1294 1506
1294 1873
1294 1876
1294 1880
1295 1342
1295 1619
1295 1643
1295 1754
1295 1982
1296 1354
1296 1355
1296 1365
1296 1404
1296 1655
1296 1978
1297 1815
1298 1378
1298 1572
1298 1588
1298 1596
1298 1735
1298 1767
1299 1384
1299 1962
1300 1390
1300 1528
1300 1734
1300 1789
1300 1928
1301 1348
1301 1363
1301 1676
1301 1851
1302 1474
1302 1599
1302 1645
1302 1754
1302 1891
1302 1965
1303 1868
1304 1586
1304 1765
1304 1807
1304 1892
1304 1954
1304 1998
1304 1999
1305 1317
1305 1481
1305 1670
1305 1752
1305 1777
1306 1429
1306 1498
1306 1677
1306 1782
1306 1920
1307 1346
1307 1910
1308 1323
1308 1473
1308 1809
1308 1969
1309 1337
1309 1630
1309 1635
1309 1716
1309 1996
1310 1367
1310 1405
1310 1555
1310 1668
1310 1823
1310 1882
1311 1394
1311 1486
1311 1605
1311 1869
1312 1343
1312 1452
1312 1857
1313 1544
1313 1568
1313 1649
1313 1714
1313 1964
1313 1975
1314 1325
1314 1498
1314 1696
1314 1702
1315 1475
1315 1493
1315 1739
1315 1758
1315 1816
1316 1463
1317 1778
1317 1860
1317 1970
1318 1458
1318 1508
1318 1707
1318 1910
1318 1957
1319 1558
1319 1709
1319 1815
1319 1914
1319 1975
1320 1935
1321 1751
1321 1800
1321 1920
1322 1366
1322 1373
1322 1472
1322 1598
1323 1391
1323 1488
1323 1709
1323 1817
1324 1584
1324 1716
1324 1822
1325 1514
1325 1566
1325 1614
1325 1845
1325 1898
1325 1969
1326 1463
1326 1931
1327 1694
1328 1428
1328 1484
1328 1536
1328 1662
1328 1693
1328 1881
1329 1349
1329 1565
1329 1674
1329 1686
1329 1698
1330 1606
1331 1358
1331 1435
1331 1554
1331 1616
1331 1703
1331 1758
1331 1806
1332 1491
1332 1685
1332 1763
1332 1866
1334 1399
1334 1490
1334 1581
1334 1956
1335 1628
1335 1630
1335 1697
1335 1745
1336 1733
1336 1749
1337 1349
1337 1396
1337 1498
1337 1578
1337 1711
1338 1405
1338 1474
1338 1662
1338 1822
1338 1852
1339 1508
1339 1717
1340 1404
1340 1426
1340 1479
1341 1454
1341 1510
1341 1880
1342 1370
1342 1387
1342 1720
1342 1759
1342 1770
1342 1987
1343 1561
1343 1779
1343 1793
1343 1924
1344 1351
1344 1437
1344 1583
1344 1651
1344 1814
1345 1702
1345 1813
1345 1829
1345 1831
1345 1957
1346 1371
1346 1581
1346 1606
1346 1756
1347 1862
1347 1894
1348 1354
1348 1518
1349 1645
1349 1804
1350 1397
1350 1628
1350 1854
1351 1946
1352 1372
1352 1379
1352 1546
1352 1553
1352 1650
1352 1842
1353 1636
1353 1758
1353 1937
1354 1766
1354 1830
1354 1904
1355 1483
1355 1596
1355 1795
1355 1980
1356 1469
1356 1657
1356 1763
1357 1399
1358 1617
1358 1752
1359 1428
1359 1798
1359 1861
1359 1907
1360 1837
1361 1456
1361 1594
1361 1820
1361 1927
1361 1951
1362 1625
1363 1484
1363 1787
1363 1936
1363 1980
1364 1644
1364 1733
1364 1945
1365 1626
1366 1395
1366 1419
1366 1790
1366 1808
1367 1730
1367 1761
1367 1801
1367 1982
1368 1464
1368 1522
1368 1675
1369 1430
1369 1543
1369 1742
1369 1817
1370 1655
1370 1726
1370 1876
1371 1522
1372 1649
1372 1860
1372 1996
1373 1488
1373 1720
1373 1822
1374 1411
1374 1412
1374 1826
1375 1426
1375 1560
1375 1793
1375 1903
1376 1510
1376 1802
1376 1885
1378 1398
1378 1469
1378 1620
1378 1659
1378 1717
1378 1791
1379 1405
1379 1543
1379 1705
1379 1918
1380 1488
1380 1861
1380 1876
1381 1500
1381 1798
1381 1830
1381 1900
1382 1483
1382 1679
1383 1424
1383 1546
1383 1657
1383 1739
1383 1894
1384 1437
1384 1510
1384 1537
1384 1830
1385 1653
1385 1818
1385 1892
1387 1430
1387 1557
1387 1615
1387 1762
1387 1943
1388 1564
1388 1611
1388 1612
1388 1834
1389 1423
1389 1620
1389 1645
1389 1754
1390 1402
1390 1426
1391 1401
1391 1415
1391 1938
1391 1968
1392 1567
1392 1572
1392 1845
1392 1864
1392 1987
1393 1643
1393 1995
1394 1757
1394 1774
1394 1806
1394 1881
1394 1946
1395 1486
1395 1558
1395 1899
1396 1681
1396 1787
1397 1642
1397 1662
1397 1693
1398 1417
1398 1546
1399 1749
1399 1838
1399 1901
1400 1542
1400 1593
1400 1947
1401 1532
1401 1737
1402 1457
1402 1533
1402 1590
1402 1637
1402 1889
1402 1918
1403 1404
1403 1482
1403 1506
1403 1561
1404 1468
1404 1490
1404 1559
1404 1746
1404 1767
1405 1705
1405 1817
1405 1946
1406 1572
1406 1603
1406 1941
1406 1950
1406 1972
1407 1509
1408 1532
1409 1745
1409 1804
1409 1906
1410 1435
1410 1492
1410 1556
1410 1680
1410 1791
1411 1693
1411 1797
1412 1692
1412 1906
1413 1440
1413 1952
1414 1425
1414 1506
1414 1539
1414 1940
1415 1795
1416 1512
1416 1872
1417 1426
1417 1452
1417 1559
1417 1564
1418 1645
1418 1967
1419 1808
1420 1584
1421 1669
1422 1729
1422 1843
1423 1452
1423 1797
1423 1819
1424 1441
1424 1463
1424 1749
1424 1867
1424 1895
1425 1471
1425 1543
1425 1546
1425 1637
1425 1672
1425 1692
1425 1789
1425 1857
1425 1943
1425 1997
1426 1542
1426 1555
1426 1620
1426 1635
1426 1731
1426 1818
1427 1447
1428 1451
1428 1501
1428 1586
1428 1692
1428 1852
1428 1859
1429 1521
1429 1637
1430 1813
1431 1491
1431 1850
1432 1514
1432 1613
1432 1955
1433 1537
1433 1865
1434 1537
1434 1545
1434 1595
1434 1697
1434 1801
1435 1641
1435 1858
1435 1907
1435 1924
1435 1947
1437 1453
1437 1502
1439 1448
1439 1503
1439 1797
1439 1799
1439 1816
1440 1491
1440 1682
1441 1552
1442 1484
1442 1563
1442 1950
1443 1627
1443 1651
1443 1849
1444 1484
1444 1919
1445 1485
1445 1843
1446 1701
1446 1848
1446 1911
1447 1478
1447 1484
1447 1768
1447 1814
1447 1833
1448 1552
1448 1587
1448 1715
1449 1967
1452 1609
1453 1749
1453 1965
1454 1510
1454 1670
1454 1685
1454 1858
1454 1928
1455 1546
1455 1663
1456 1559
1456 1946
1457 1535
1459 1631
1459 1734
1459 1744
1460 1537
1460 1828
1460 1950
1461 1785
1461 1947
1461 1983
1462 1615
1462 1708
1462 1760
1463 1524
1463 1543
1463 1653
1463 1740
1463 1906
1463 1970
1464 1735
1464 1756
1464 1817
1465 1525
1465 1554
1465 1717
1465 1884
1465 1994
1468 1506
1468 1800
1468 1841
1468 1926
1468 1944
1469 1521
1469 1780
1470 1529
1470 1715
1470 1987
1470 1992
1471 1561
1471 1631
1471 1748
1471 1819
1472 1527
1472 1534
1472 1686
1472 1785
1472 1971
1473 1637
1474 1558
1474 1576
1474 1627
1474 1653
1474 1704
1474 1771
1475 1631
1475 1814
1475 1842
1475 1945
1475 1967
1476 1553
1476 1686
1476 1775
1476 1787
1477 1875
1477 1946
1478 1534
1478 1549
1478 1697
1478 1961
1478 1997
1479 1492
1480 1638
1480 1718
1480 1917
1481 1695
1481 1702
1481 1728
1482 1858
1483 1818
1483 1863
1484 1542
1484 1593
1484 1731
1484 1927
1485 1961
1485 1989
1486 1890
1486 1996
1487 1644
1487 1785
1489 1636
1490 1582
1490 1600
1490 1840
1490 1952
1491 1807
1491 1970
1492 1582
1493 1619
1493 1849
1493 1877
1494 1701
1494 1714
1494 1852
1494 1854
1494 1933
1494 1958
1495 1855
1496 1745
1496 1970
1497 1641
1497 1808
1498 1922
1499 1764
1499 1864
1500 1509
1500 1742
1500 1801
1500 1852
1500 1960
1501 1819
1501 1913
1502 1548
1502 1632
1502 1701
1503 1646
1503 1705
1503 1985
1504 1646
1504 1782
1504 1841
1504 1916
1505 1593
1505 1667
1505 1684
1506 1625
1506 1833
1507 1644
1508 1628
1508 1713
1508 1905
1509 1616
1509 1769
1509 1875
1510 1553
1510 1562
1510 1773
1511 1569
1511 1580
1511 1707
1511 1820
1511 1923
1513 1669
1513 1733
1513 1826
1513 1998
1514 1773
1514 1937
1515 1543
1515 1737
1516 1613
1516 1617
1516 1770
1516 1998
1517 1745
1519 1703
1519 1914
1520 1955
1521 1589
1521 1693
1521 1709
1521 1856
1521 1957
1521 1993
1523 1573
1523 1646
1524 1594
1524 1600
1524 1776
1524 1958
1524 1979
1525 1626
1525 1672
1525 1684
1525 1708
1525 1956
1526 1703
1527 1976
1528 1626
1528 1650
1528 1740
1528 1832
1528 1876
1528 1880
1529 1684
1530 1759
1530 1962
1531 1818
1531 1850
1531 1914
1531 1998
1532 1564
1532 1583
1532 1939
1532 1963
1533 1554
1534 1568
1535 1758
1536 1649
1536 1960
1537 1568
1537 1684
1537 1957
1537 1974
1538 1621
1538 1746
1538 1917
1539 1599
1539 1921
1540 1637
1540 1767
1540 1783
1540 1788
1540 1866
1541 1722
1541 1997
1542 1878
1543 1580
1543 1932
1543 1934
1544 1675
1545 1614
1546 1619
1546 1808
1547 1764
1547 1814
1548 1671
1549 1655
1549 1688
1549 1853
1549 1881
1550 1847
1551 1684
1551 1735
1551 1806
1551 1818
1551 1931
1551 1990
1552 1761
1552 1900
1553 1855
1554 1790
1554 1828
1554 1845
1555 1722
1555 1816
1556 1601
1557 1750
1558 1807
1559 1894
1559 1914
1560 1638
1560 1741
1560 1990
1561 1660
1561 1703
1561 1825
1562 1623
1563 1568
1563 1645
1563 1745
1564 1623
1565 1707
1565 1999
1566 1848
1566 1959
1567 1904
1567 1968
1568 1605
1568 1696
1568 1712
1568 1826
1568 1899
1568 1951
1569 1572
1569 1614
1569 1620
1569 1693
1570 1656
1570 1777
1570 1870
1571 1670
1572 1632
1572 1918
1573 1936
1574 1588
1574 1686
1574 1755
1575 1789
1575 1988
1576 1766
1576 1933
1577 1600
1577 1772
1578 1847
1579 1636
1580 1805
1580 1989
1581 1599
1581 1774
1581 1846
1582 1583
1582 1983
1583 1903
1584 1682
1584 1766
1584 1769
1585 1974
1586 1775
1586 1902
1587 1608
1587 1792
1587 1870
1588 1802
1589 1910
1589 1916
1589 1972
1590 1791
1590 1894
1591 1781
1591 1912
1592 1593
1592 1613
1592 1693
1592 1723
1593 1630
1593 1703
1593 1710
1593 1717
1593 1752
1593 1860
1594 1999
1595 1711
1595 1950
1596 1773
1596 1955
1597 1608
1597 1619
1597 1881
1597 1999
1598 1897
1598 1962
1599 1608
1599 1634
1599 1896
1601 1840
1602 1815
1603 1648
1604 1678
1605 1717
1605 1729
1605 1735
1605 1787
1606 1922
1606 1976
1607 1741
1607 1910
1608 1820
1608 1892
1608 1918
1611 1640
1611 1655
1611 1673
1613 1724
1614 1819
1615 1714
1617 1721
1617 1855
1617 1952
1618 1876
1619 1700
1619 1791
1619 1921
1619 1969
1619 1986
1620 1732
1621 1818
1621 1875
1621 1917
1622 1891
1622 1952
1623 1824
1623 1915
1625 1826
1626 1966
1626 1998
1627 1747
1627 1991
1628 1918
1631 1721
1632 1666
1632 1668
1632 1973
1634 1862
1635 1753
1635 1913
1636 1854
1637 1946
1638 1662
1638 1848
1638 1980
1639 1648
1639 1890
1640 1808
1640 1813
1640 1833
1641 1967
1643 1848
1644 1765
1644 1965
1645 1922
1646 1726
1646 1835
1646 1914
1648 1862
1648 1993
1649 1686
1649 1849
1651 1724
1652 1859
1652 1964
1653 1881
1653 1948
1655 1822
1655 1837
1655 1962
1655 1991
1657 1929
1658 1662
1658 1874
1659 1735
1661 1889
1663 1728
1663 1759
1664 1804
1664 1896
1665 1833
1665 1859
1666 1841
1667 1921
1668 1873
1668 1894
1668 1971
1669 1745
1669 1914
1670 1719
1670 1798
1670 1960
1671 1675
1671 1706
1671 1923
1672 1680
1672 1695
1672 1729
1672 1877
1673 1758
1673 1804
1673 1836
1673 1979
1674 1907
1675 1703
1676 1737
1676 1963
1677 1737
1677 1887
1678 1820
1678 1927
1678 1933
1679 1790
1679 1796
1680 1751
1680 1941
1681 1692
1682 1766
1682 1965
1683 1776
1683 1873
1684 1737
1685 1823
1686 1909
1687 1920
1687 1939
1687 1942
1689 1749
1689 1759
1689 1877
1689 1908
1689 1984
1690 1942
1691 1798
1692 1834
1692 1891
1693 1967
1694 1857
1694 1984
1695 1969
1696 1802
1696 1805
1696 1866
1696 1974
1697 1951
1698 1847
1699 1719
1699 1790
1699 1946
1701 1756
1701 1834
1702 1756
1702 1966
1703 1765
1703 1788
1703 1912
1704 1776
1704 1805
1705 1919
1706 1780
1707 1740
1708 1792
1710 1783
1710 1897
1712 1747
1712 1755
1714 1766
1714 1821
1714 1837
1714 1852
1714 1885
1715 1833
1716 1963
1717 1882
1717 1968
1718 1759
1718 1890
1718 1906
1718 1963
1718 1970
1719 1773
1719 1838
1719 1845
1719 1917
1719 1941
1721 1881
1721 1977
1723 1923
1725 1732
1725 1750
1725 1822
1726 1874
1726 1977
1727 1900
1727 1901
1728 1776
1729 1746
1729 1891
1729 1917
1730 1831
1731 1972
1732 1768
1732 1926
1734 1875
1734 1891
1734 1928
1735 1776
1735 1804
1737 1758
1737 1825
1737 1872
1737 1989
1738 1817
1739 1762
1739 1785
1739 1792
1739 1891
1740 1952
1742 1784
1743 1921
1743 1981
1743 1991
1744 1982
1745 1920
1746 1898
1746 1965
1747 1964
1748 1843
1750 1781
1750 1863
1750 1952
1752 1824
1752 1866
1756 1830
1756 1858
1757 1798
1758 1820
1758 1905
1758 1954
1760 1909
1761 1819
1763 1803
1763 1890
1763 1951
1764 1810
1765 1776
1765 1885
1766 1827
1766 1886
1767 1787
1768 1856
1769 1862
1769 1912
1770 1839
1770 1859
1771 1859
1771 1900
1773 1782
1773 1832
1774 1905
1776 1836
1776 1950
1777 1908
1778 1785
1779 1813
1780 1804
1780 1965
1781 1797
1783 1824
1783 1983
1789 1810
1789 1813
1789 1947
1790 1920
1790 1937
1791 1834
1792 1806
1792 1913
1793 1963
1794 1957
1795 1810
1796 1949
1796 1952
1796 1978
1796 1980
1797 1889
1798 1949
1798 1954
1802 1955
1802 1967
1804 1940
1805 1828
1806 1831
1806 1853
1806 1896
1807 1900
1809 1844
1809 1899
1809 1961
1809 1995
1810 1949
1815 1833
1815 1889
1818 1829
1821 1989
1823 1838
1823 1891
1823 1994
1825 1829
1825 1990
1829 1942
1829 1967
1830 1936
1832 1893
1832 1912
1833 1925
1833 1977
1834 1902
1834 1933
1835 1847
1836 1953
1838 1862
1838 1966
1839 1961
1840 1878
1843 1901
1844 1990
1844 1998
1845 1927
1848 1938
1848 1940
1849 1978
1850 1852
1850 1854
1850 1928
1857 1999
1858 1958
1864 1997
1867 1956
1869 1882
1869 1889
1869 1959
1872 1973
1874 1953
1879 1996
1882 1971
1884 1972
1886 1981
1888 1947
1891 1893
1893 1991
1896 1924
1896 1959
1899 1992
1902 1972
1904 1927
1905 1977
1909 1915
1910 1936
1914 1969
1917 1919
1919 1973
1920 1981
1921 1927
1924 1930
1927 1931
1927 1954
1933 1948
1936 1963
1942 1963
1950 1982
1951 1955
1967 1974
1976 1992
1988 1995
