0 99
0 125
0 130
0 408
0 763
0 768
0 869
0 985
0 1152
0 1253
0 1318
0 1358
0 1508
0 1673
0 1702
0 1851
1 38
1 602
1 1076
1 1195
1 1713
1 1938
2 52
2 329
2 342
2 402
2 1052
2 1210
2 1408
2 1607
2 1670
3 8
3 253
3 338
3 384
3 802
3 1099
3 1442
3 1448
3 1478
3 1493
3 1635
3 1733
3 1757
4 32
4 190
4 217
4 871
4 1362
4 1425
4 1717
4 1816
5 283
5 340
5 1067
5 1070
5 1408
5 1432
5 1973
6 345
6 998
6 1054
6 1267
6 1298
6 1331
6 1444
6 1462
6 1820
7 180
7 428
7 463
7 657
7 1009
7 1027
7 1048
7 1526
7 1534
8 354
8 377
8 525
8 533
8 553
8 697
8 959
8 1096
8 1263
8 1453
8 1674
8 1740
8 1957
9 14
9 54
9 71
9 449
9 686
9 1216
9 1755
9 1880
10 264
10 373
10 630
10 811
10 1239
10 1283
10 1295
10 1547
10 1556
10 1668
10 1680
10 1752
11 247
11 257
11 355
11 429
11 786
11 1222
11 1233
11 1238
11 1284
11 1296
11 1858
11 1905
12 90
12 155
12 838
12 856
12 956
12 1106
12 1263
12 1320
12 1660
13 172
13 324
13 1327
13 1333
13 1497
13 1615
13 1913
14 42
14 681
14 889
14 1224
14 1541
14 1823
14 1886
15 751
15 850
15 870
15 1040
15 1077
15 1209
15 1665
15 1971
16 87
16 199
16 275
16 590
16 784
16 1052
16 1103
16 1381
16 1741
16 1807
16 1848
17 81
17 572
17 1344
17 1382
17 1425
17 1639
17 1854
17 1919
18 86
18 100
18 113
18 179
18 367
18 569
18 709
18 892
18 1199
18 1264
18 1268
18 1428
18 1433
18 1550
18 1636
18 1680
18 1782
18 1983
18 1987
19 181
19 306
19 644
19 731
19 898
19 1001
19 1094
19 1206
19 1305
19 1392
19 1592
19 1929
20 569
20 625
20 819
20 1003
20 1123
20 1124
20 1326
20 1327
20 1429
20 1490
20 1740
20 1936
21 450
21 531
21 584
21 697
21 873
21 972
21 997
21 1165
21 1213
21 1288
21 1566
21 1615
21 1705
22 70
22 353
22 408
22 486
22 513
22 636
22 662
22 786
22 834
22 1229
22 1458
22 1470
22 1838
22 1853
22 1953
23 134
23 163
23 184
23 365
23 369
23 389
23 1278
23 1403
23 1516
23 1723
23 1821
24 102
24 201
24 322
24 330
24 562
24 583
24 822
24 1208
24 1373
24 1523
24 1627
24 1766
24 1912
24 1973
25 115
25 286
25 346
25 901
25 1415
25 1670
25 1716
25 1742
25 1745
26 47
26 286
26 307
26 496
26 806
26 821
26 1122
26 1128
26 1158
26 1442
26 1593
26 1903
27 56
27 447
27 611
27 664
27 848
27 963
27 1140
27 1377
27 1492
27 1621
27 1958
28 540
28 664
28 670
28 1532
28 1603
29 176
29 228
29 730
29 748
29 775
29 1053
29 1539
29 1696
29 1824
30 309
30 318
30 371
30 420
30 468
30 530
30 883
30 1381
30 1456
30 1592
30 1675
31 221
31 228
31 312
31 711
31 850
31 972
31 1212
31 1544
31 1595
31 1710
31 1798
32 120
32 378
32 503
32 857
32 900
32 1376
32 1413
32 1438
32 1472
32 1703
32 1810
33 131
33 308
33 338
33 396
33 1010
33 1149
33 1694
33 1936
34 550
34 614
34 626
34 654
34 872
34 879
34 986
34 1019
34 1075
34 1185
34 1275
34 1736
35 210
35 215
35 238
35 429
35 721
35 767
35 810
35 971
35 1002
35 1186
35 1263
35 1295
35 1523
36 147
36 194
36 263
36 1081
36 1716
36 1851
37 74
37 190
37 719
37 868
37 1024
37 1391
37 1475
37 1860
37 1955
38 55
38 65
38 183
38 678
38 1610
38 1886
38 1892
39 122
39 498
39 534
39 540
39 873
39 1368
39 1492
39 1563
40 52
40 218
40 944
40 1011
40 1152
40 1426
40 1555
40 1812
41 59
41 456
41 741
41 836
41 892
41 989
41 1047
41 1411
41 1826
42 82
42 150
42 513
42 560
42 748
42 1202
42 1217
42 1284
42 1588
42 1678
42 1697
42 1988
43 383
43 663
43 770
43 937
43 1255
43 1568
43 1704
43 1757
44 424
44 465
44 673
44 883
44 977
44 1026
44 1533
44 1659
44 1951
45 202
45 226
45 788
45 1536
45 1612
45 1804
46 432
46 458
46 701
46 795
46 894
46 1033
46 1066
46 1168
46 1390
47 69
47 109
47 308
47 337
47 541
47 569
47 1622
47 1737
47 1776
48 246
48 502
48 713
48 769
48 994
48 1078
48 1345
48 1588
48 1639
48 1850
49 127
49 143
49 256
49 276
49 315
49 481
49 530
49 625
49 666
49 682
49 878
49 1060
50 52
50 238
50 315
50 599
50 1932
51 68
51 288
51 435
51 470
51 876
51 1043
51 1343
51 1397
51 1584
51 1705
51 1746
51 1856
52 87
52 219
52 381
52 695
52 1137
52 1238
52 1327
52 1513
52 1634
52 1878
53 106
53 246
53 624
53 1302
53 1359
53 1383
53 1449
53 1663
54 248
54 536
54 564
54 735
54 881
54 996
54 1362
54 1519
54 1955
55 425
55 586
55 683
55 864
55 881
55 1082
55 1290
55 1669
55 1763
55 1893
56 132
56 389
56 501
56 806
56 894
56 904
56 1148
56 1317
56 1436
56 1573
56 1607
56 1814
57 382
57 479
57 503
57 508
57 528
57 609
57 646
57 674
57 685
57 792
57 969
57 1125
57 1343
57 1603
57 1765
57 1826
57 1837
57 1868
58 215
58 244
58 295
58 420
58 462
58 473
58 483
58 550
58 568
58 847
58 957
58 1153
58 1263
58 1279
58 1423
59 145
59 176
59 191
59 245
59 423
59 569
59 570
59 591
59 918
59 1032
59 1064
59 1523
59 1668
59 1951
60 122
60 544
60 577
60 586
60 928
60 1191
60 1256
61 307
61 372
61 611
61 878
61 903
61 1247
61 1283
61 1429
61 1824
61 1872
61 1880
62 100
62 241
62 1100
62 1310
62 1719
63 243
63 374
63 395
63 494
63 574
63 655
63 905
63 970
63 1014
63 1019
63 1044
63 1295
63 1409
63 1509
63 1667
64 198
64 431
64 772
64 1017
64 1236
64 1284
64 1723
64 1736
65 124
65 496
65 605
65 677
65 682
65 1388
65 1503
65 1624
65 1643
65 1911
66 325
66 392
66 448
66 595
67 243
67 661
67 976
67 1345
67 1594
67 1722
68 154
68 309
68 459
68 625
68 732
68 826
68 960
68 1095
68 1241
68 1405
68 1568
68 1616
68 1840
68 1941
68 1973
69 299
69 338
69 426
69 635
69 1002
69 1085
69 1173
69 1194
69 1240
69 1396
69 1526
69 1533
69 1635
69 1663
69 1765
69 1817
69 1835
69 1856
69 1880
69 1886
69 1891
69 1931
69 1948
70 299
70 679
70 709
70 855
70 1056
70 1177
70 1618
70 1749
71 469
71 789
71 920
71 946
71 1670
71 1696
71 1806
71 1861
71 1956
71 1973
72 166
72 1141
72 1295
72 1505
72 1687
72 1853
72 1858
73 512
73 759
73 831
73 1325
73 1340
73 1374
73 1516
73 1627
73 1821
74 180
74 641
74 793
74 885
74 983
74 1009
74 1309
74 1512
74 1626
75 847
75 915
75 998
75 1071
75 1467
75 1498
75 1595
75 1848
76 185
76 312
76 314
76 341
76 1128
76 1158
76 1177
76 1193
76 1284
76 1799
76 1911
77 83
77 143
77 314
77 892
77 1203
77 1216
77 1415
77 1662
77 1897
78 123
78 337
78 677
78 925
78 1103
78 1259
78 1626
78 1734
79 108
79 238
79 365
79 786
79 943
79 1086
79 1319
79 1327
79 1532
79 1872
79 1914
80 156
80 222
80 225
80 811
80 983
80 1175
80 1253
80 1865
80 1981
81 349
81 467
81 706
81 750
81 1117
81 1229
81 1348
81 1363
81 1370
81 1504
81 1874
82 228
82 230
82 237
82 307
82 345
82 376
82 456
82 624
82 644
82 947
82 963
82 1046
82 1105
82 1430
82 1670
82 1751
83 687
83 849
83 951
83 1284
83 1417
83 1516
83 1706
83 1763
83 1859
83 1956
83 1986
84 540
84 913
84 1347
84 1435
84 1626
84 1738
84 1818
85 138
85 265
85 446
85 803
85 844
85 1029
85 1151
85 1256
85 1380
85 1758
85 1869
86 223
86 523
86 800
86 1151
86 1267
86 1279
86 1347
86 1521
86 1648
86 1831
87 107
87 462
87 531
87 884
87 946
87 1417
87 1418
87 1968
88 295
88 298
88 373
88 606
88 897
88 1095
88 1181
88 1290
88 1474
88 1519
88 1804
89 452
89 524
89 810
89 867
89 1316
89 1346
89 1350
89 1524
89 1558
89 1686
89 1899
90 174
90 336
90 854
90 903
90 1038
90 1288
90 1297
90 1369
90 1668
90 1702
91 375
91 406
91 1242
91 1517
91 1687
91 1699
91 1900
92 123
92 144
92 229
92 253
92 544
92 559
92 571
92 1298
92 1326
92 1363
92 1370
92 1974
93 631
93 826
93 999
93 1049
93 1494
93 1515
94 105
94 363
94 476
94 605
94 1033
94 1106
94 1109
94 1242
94 1369
94 1692
94 1869
94 1915
94 1999
95 393
95 475
95 644
95 753
95 808
95 1449
95 1661
95 1929
96 192
96 221
96 286
96 691
96 1272
96 1355
96 1571
96 1879
96 1885
97 124
97 383
97 532
97 558
97 697
97 965
97 1160
97 1985
98 256
98 349
98 489
98 500
98 544
98 587
98 694
98 713
98 775
98 813
98 1023
98 1135
98 1259
98 1550
98 1690
98 1826
98 1946
99 452
99 463
99 603
99 750
99 975
99 1371
99 1442
99 1709
99 1864
100 425
100 513
100 582
100 748
100 1017
100 1239
100 1443
100 1589
100 1786
100 1803
100 1973
100 1982
100 1984
101 383
101 423
101 486
101 545
101 594
101 884
101 1377
101 1552
101 1867
102 442
102 789
102 1376
102 1838
103 195
103 548
103 737
103 781
103 852
103 1371
103 1604
103 1675
103 1676
103 1992
104 184
104 224
104 247
104 325
104 702
104 1121
104 1193
104 1243
104 1343
104 1695
105 197
105 329
105 559
105 746
105 1072
105 1216
105 1227
105 1253
105 1322
105 1496
105 1732
105 1963
106 398
106 447
106 458
106 481
106 523
106 525
106 574
106 1035
106 1354
106 1471
106 1540
107 138
107 528
107 604
107 610
107 650
107 661
107 732
107 780
107 831
107 1062
107 1184
107 1193
107 1320
107 1649
107 1714
107 1903
108 377
108 403
108 421
108 541
108 721
108 817
108 857
108 978
108 1271
108 1632
108 1694
108 1700
108 1706
108 1907
109 170
109 435
109 564
109 686
109 789
109 985
109 1032
109 1317
110 574
110 633
110 634
110 918
110 996
110 1484
110 1539
110 1893
111 1142
111 1215
111 1304
111 1309
111 1637
111 1805
111 1927
112 358
112 470
112 534
112 560
112 648
112 737
112 773
112 827
112 1250
112 1516
112 1713
112 1891
113 355
113 359
113 428
113 491
113 1017
113 1089
113 1634
113 1798
113 1889
114 242
114 271
114 292
114 538
114 564
114 589
114 703
114 905
114 1031
114 1181
114 1402
114 1470
114 1611
114 1847
115 477
115 745
115 777
115 794
115 1050
115 1063
115 1118
115 1460
115 1744
116 204
116 321
116 1123
116 1636
116 1980
117 119
117 413
117 801
117 918
117 1136
117 1251
117 1555
117 1633
117 1865
117 1906
118 231
118 410
118 531
118 616
118 662
118 818
118 1386
118 1881
119 415
119 570
119 994
119 1001
119 1202
119 1219
119 1290
119 1313
119 1499
119 1519
119 1601
119 1945
120 644
120 1016
120 1103
120 1118
120 1156
120 1387
120 1407
120 1431
120 1449
120 1476
120 1619
120 1664
120 1671
120 1799
120 1908
120 1919
121 916
121 1127
121 1291
121 1399
121 1516
121 1537
122 158
122 224
122 242
122 587
122 606
122 625
122 718
122 744
122 792
122 816
122 968
122 1033
122 1147
122 1258
122 1318
122 1602
122 1657
122 1673
122 1826
122 1879
123 331
123 543
123 965
123 1603
123 1822
124 415
124 453
124 462
124 1198
124 1428
124 1514
124 1600
124 1905
125 449
125 523
125 865
125 1308
125 1477
125 1686
125 1900
126 184
126 406
126 626
126 800
126 1195
126 1561
126 1802
126 1874
127 432
127 505
127 567
127 870
127 893
127 1019
127 1664
127 1735
128 200
128 252
128 278
128 405
128 661
128 1223
129 519
129 532
129 552
129 861
129 1111
129 1145
129 1435
129 1776
129 1902
130 506
130 511
130 1105
130 1166
130 1212
130 1631
130 1662
130 1789
130 1822
131 453
131 521
131 526
131 701
131 855
131 1029
131 1148
131 1192
131 1368
131 1836
131 1939
132 273
132 567
132 705
132 1106
132 1280
132 1671
132 1780
132 1809
132 1901
132 1942
133 356
133 360
133 728
133 1055
133 1210
133 1329
133 1395
133 1601
133 1841
133 1956
134 808
134 1029
134 1123
134 1414
134 1766
135 580
135 901
135 1802
135 1841
135 1878
135 1924
136 146
136 342
136 426
136 621
136 813
136 1183
136 1489
136 1774
136 1931
137 179
137 229
137 237
137 1096
137 1279
137 1316
137 1626
137 1717
138 546
138 1157
138 1362
138 1400
138 1563
138 1691
138 1824
139 207
139 337
139 370
139 413
139 759
139 801
139 866
139 1031
139 1412
139 1434
139 1526
139 1645
139 1690
140 300
140 439
140 470
140 910
140 961
140 1760
140 1875
140 1945
141 218
141 237
141 269
141 513
141 564
141 1052
141 1386
141 1587
141 1842
141 1920
142 422
142 581
142 669
142 756
142 831
142 960
142 1055
142 1368
142 1383
142 1480
142 1545
142 1572
142 1805
142 1947
143 201
143 456
143 462
143 1214
143 1377
143 1528
143 1936
144 295
144 658
144 709
144 871
144 904
144 960
144 1272
144 1518
144 1699
144 1788
144 1867
144 1945
145 152
145 581
145 613
145 682
145 698
145 1029
145 1629
145 1649
146 177
146 282
146 312
146 423
146 616
146 988
146 1042
146 1359
146 1394
146 1481
146 1634
146 1728
146 1855
147 245
147 343
147 415
147 604
147 747
147 1136
147 1364
147 1636
147 1966
148 243
148 473
148 740
148 1047
148 1054
148 1263
148 1738
148 1764
148 1837
148 1884
149 307
149 402
149 589
149 847
149 934
149 1242
149 1481
149 1562
149 1933
150 161
150 255
150 366
150 408
150 447
150 589
150 680
150 868
150 961
150 1425
150 1526
150 1596
150 1601
150 1648
150 1793
150 1854
150 1873
151 155
151 173
151 209
151 274
151 408
151 767
151 895
151 922
151 1357
151 1496
151 1743
152 233
152 390
152 449
152 683
152 1058
152 1107
152 1169
152 1178
152 1302
152 1555
152 1782
152 1791
152 1832
152 1841
152 1968
153 407
153 417
153 471
153 484
153 593
153 716
153 908
153 1358
153 1361
153 1718
153 1719
153 1876
153 1918
154 232
154 881
154 916
154 1045
154 1068
154 1236
154 1560
154 1663
154 1767
154 1802
154 1836
155 328
155 476
155 557
155 742
155 811
155 1058
155 1063
155 1566
156 214
156 273
156 1291
156 1423
156 1513
156 1895
157 264
157 575
157 618
157 869
157 1044
157 1171
157 1297
157 1350
157 1357
157 1454
157 1530
157 1608
157 1841
157 1875
157 1916
158 240
158 271
158 811
158 843
158 946
158 973
158 1187
158 1216
158 1377
158 1599
158 1904
158 1934
159 609
159 635
159 806
159 944
159 1164
159 1208
159 1287
159 1499
159 1516
159 1716
159 1740
159 1750
159 1790
159 1877
160 567
160 1158
160 1679
161 172
161 1035
161 1178
161 1201
161 1238
161 1262
161 1428
161 1445
161 1799
161 1879
162 168
162 278
162 611
162 1110
162 1496
162 1605
162 1761
162 1865
162 1949
163 254
163 364
163 405
163 408
163 451
163 469
163 700
163 1253
163 1354
163 1355
163 1379
163 1433
163 1650
163 1720
163 1730
163 1857
163 1900
164 199
164 500
164 882
164 998
164 1183
164 1720
164 1884
165 534
165 796
165 1060
165 1169
165 1291
165 1314
165 1375
165 1452
165 1528
165 1553
165 1660
165 1998
166 213
166 526
166 677
166 755
166 1078
166 1338
166 1435
166 1609
166 1752
166 1800
166 1887
167 296
167 1337
167 1736
168 211
168 371
168 836
168 845
168 1314
168 1693
168 1976
169 522
169 720
169 843
169 1166
169 1303
169 1343
169 1531
169 1757
170 522
170 683
170 1211
170 1551
170 1645
170 1795
170 1877
171 236
171 407
171 521
171 628
171 648
171 992
171 1142
171 1221
171 1383
171 1658
171 1753
171 1962
172 468
172 579
172 615
172 1062
172 1304
172 1372
172 1442
172 1531
172 1687
172 1733
173 453
173 479
173 927
173 948
173 1016
173 1567
173 1608
173 1703
173 1882
174 387
174 614
174 615
174 626
174 659
174 1146
174 1214
174 1228
174 1287
174 1363
174 1551
174 1639
174 1690
174 1813
174 1818
174 1850
175 316
175 371
175 684
175 724
175 1608
175 1914
176 666
176 822
176 845
176 1173
176 1235
176 1523
176 1705
176 1886
177 638
177 793
177 976
177 1222
177 1437
178 303
178 326
178 833
178 944
178 1137
178 1428
179 255
179 266
179 298
179 949
179 966
179 1109
179 1198
179 1217
179 1238
179 1324
179 1396
179 1430
179 1656
180 249
180 282
180 717
180 993
180 1040
180 1118
180 1130
180 1141
180 1304
180 1417
180 1424
180 1541
180 1816
181 366
181 429
181 537
181 933
181 1139
181 1407
181 1598
181 1877
181 1916
182 190
182 271
182 612
182 1564
182 1641
182 1933
182 1968
183 429
183 1046
183 1088
183 1780
183 1836
183 1997
184 631
184 1229
184 1429
184 1725
184 1751
184 1848
185 628
185 661
185 976
185 1599
185 1679
185 1907
186 329
186 335
186 408
186 610
186 637
186 686
186 696
186 992
186 997
186 1015
186 1588
186 1971
187 355
187 651
187 1225
187 1480
187 1563
187 1568
187 1653
187 1946
187 1954
187 1989
188 498
188 827
188 964
188 1282
189 706
189 924
189 1156
189 1204
189 1264
189 1437
189 1804
189 1816
189 1944
190 360
190 674
190 728
190 935
190 1274
190 1382
190 1402
190 1596
190 1885
191 310
191 785
191 1137
191 1214
191 1564
191 1571
191 1674
191 1895
192 354
192 509
192 595
192 632
192 661
192 985
192 1059
192 1165
192 1260
192 1407
192 1728
193 254
193 341
193 488
193 543
193 832
193 941
193 1030
193 1055
193 1394
193 1471
194 445
194 555
194 995
194 1248
194 1363
194 1377
195 559
195 973
195 1113
195 1250
195 1465
196 209
196 240
196 453
196 779
196 835
196 1467
196 1750
196 1766
197 393
197 680
197 687
197 1413
197 1664
197 1680
197 1775
197 1910
198 264
198 307
198 360
198 483
198 796
198 1129
198 1220
198 1252
198 1472
198 1545
198 1694
199 528
199 578
199 612
199 718
199 868
199 915
199 954
200 239
200 645
200 787
200 910
200 1155
200 1445
200 1529
200 1735
200 1814
201 542
201 608
201 610
201 646
201 754
201 918
201 1975
202 317
202 346
202 608
202 1374
202 1406
202 1823
203 214
203 262
203 592
203 865
203 868
203 1078
203 1174
203 1417
204 258
204 498
204 595
204 766
204 1271
204 1367
204 1997
205 264
205 625
205 1088
205 1652
205 1800
205 1891
206 383
206 401
206 559
206 617
206 1289
206 1601
206 1621
206 1881
206 1900
207 275
207 438
207 1148
207 1195
207 1402
207 1461
207 1619
208 388
208 544
208 670
208 695
208 1048
208 1099
208 1341
208 1600
208 1675
208 1807
208 1811
209 229
209 282
209 314
209 343
209 393
209 634
209 697
209 711
209 811
209 1616
209 1970
210 265
210 708
210 900
210 1168
210 1395
210 1407
210 1963
211 235
211 403
211 975
211 1205
211 1536
211 1538
211 1866
211 1936
211 1980
212 351
212 443
212 568
212 750
212 916
212 971
212 978
212 1211
212 1357
212 1384
212 1648
213 314
213 398
213 490
213 503
213 1012
213 1142
213 1247
213 1567
213 1626
213 1660
213 1901
213 1938
214 490
214 819
215 315
215 1199
215 1316
215 1393
215 1411
215 1508
215 1509
215 1927
216 364
216 731
216 818
216 858
216 1242
217 532
217 618
217 652
217 1527
217 1691
218 348
218 383
218 540
218 845
218 891
218 1025
218 1061
218 1296
218 1467
218 1857
219 271
219 557
219 595
219 976
219 1724
220 286
220 351
220 393
220 492
220 592
220 863
220 1016
220 1194
220 1198
220 1360
220 1559
220 1590
221 667
221 1110
221 1204
222 622
222 707
222 1798
222 1813
222 1912
223 280
223 894
223 896
223 948
223 1215
223 1349
223 1485
223 1685
223 1763
224 410
224 513
224 650
224 749
224 802
224 1153
224 1230
224 1247
224 1285
224 1433
224 1463
224 1532
224 1975
225 405
225 482
225 872
225 1041
225 1387
225 1528
225 1766
225 1855
225 1894
226 551
226 597
226 672
226 745
226 1048
226 1137
226 1202
226 1400
226 1738
226 1850
226 1863
227 358
227 1006
227 1458
227 1626
227 1963
227 1994
228 388
228 458
228 712
228 1786
228 1909
228 1963
229 289
229 298
229 871
229 1174
229 1356
229 1378
229 1633
229 1727
229 1942
230 390
230 510
230 511
230 874
230 876
230 939
230 1374
230 1413
231 439
231 471
231 890
231 1089
231 1093
231 1416
231 1730
232 294
232 333
232 444
232 512
232 999
232 1266
232 1400
232 1527
232 1583
232 1732
232 1808
233 319
233 430
233 758
233 823
233 1154
233 1556
233 1574
233 1642
233 1679
233 1898
234 363
234 445
234 794
234 1105
234 1348
234 1497
234 1515
234 1771
235 659
235 708
235 928
235 1063
235 1127
235 1570
236 311
236 384
236 438
236 746
236 794
236 1040
236 1048
236 1188
236 1413
236 1787
236 1969
237 310
237 363
237 375
237 426
237 661
237 690
237 713
237 911
237 1074
237 1963
238 306
238 549
238 600
238 641
238 1652
238 1828
239 353
239 437
239 515
239 768
239 926
239 1316
239 1377
239 1560
239 1697
239 1758
239 1808
240 381
240 810
240 872
240 1252
240 1509
240 1734
240 1968
241 471
241 848
241 1319
241 1413
241 1646
241 1834
241 1898
241 1972
242 261
242 471
242 596
242 1050
242 1805
243 292
243 378
243 405
243 720
243 740
243 751
243 1200
243 1244
243 1540
243 1624
244 276
244 654
244 911
244 1256
244 1362
244 1566
244 1716
245 579
245 608
245 638
245 733
245 800
245 824
245 900
245 908
245 909
245 988
245 1013
245 1103
245 1255
245 1687
245 1867
245 1914
246 461
246 789
246 1069
246 1515
246 1806
247 454
247 690
247 1540
247 1780
248 355
248 400
248 772
248 868
248 987
248 1135
248 1358
248 1639
248 1772
248 1915
249 415
249 420
249 535
249 602
249 934
249 1098
249 1762
249 1886
250 568
250 873
250 942
250 1129
250 1204
250 1988
250 1997
251 722
251 770
251 799
251 892
251 894
251 927
251 1113
251 1278
251 1336
251 1546
251 1614
251 1661
251 1991
252 603
252 1266
253 370
253 1385
253 1414
253 1439
254 472
254 603
254 785
254 848
254 861
254 1133
254 1150
254 1332
254 1514
254 1700
254 1743
255 301
255 430
255 538
255 614
255 634
255 864
255 1767
256 289
256 559
256 1027
256 1086
256 1106
256 1233
256 1294
256 1324
256 1440
256 1793
257 259
257 280
257 373
257 464
257 646
257 883
257 1017
257 1165
257 1281
257 1487
257 1514
257 1681
257 1698
257 1715
257 1839
257 1902
258 488
258 594
258 1301
258 1420
258 1645
258 1675
258 1746
258 1918
259 279
259 368
259 726
259 739
259 1016
259 1098
259 1297
259 1787
260 514
260 1547
261 378
261 412
261 796
261 1448
262 282
262 635
262 1186
262 1311
262 1336
262 1671
262 1794
263 716
263 771
263 838
263 839
263 1017
263 1170
263 1385
263 1531
263 1693
263 1726
263 1777
264 674
264 1534
264 1636
264 1749
264 1804
265 279
265 312
265 1365
265 1625
265 1791
265 1843
266 481
266 633
266 864
266 1008
266 1048
266 1138
266 1170
266 1788
266 1792
267 330
267 578
267 580
267 849
267 933
267 1040
267 1045
267 1359
267 1375
268 285
268 333
268 374
268 467
268 478
268 606
268 971
268 1070
268 1342
269 356
269 412
269 514
269 534
269 859
269 901
269 1058
269 1416
269 1509
269 1563
269 1620
269 1860
269 1920
270 349
270 351
270 515
270 589
270 787
270 1342
270 1549
270 1619
270 1685
271 554
271 769
271 862
271 946
272 576
272 861
272 945
272 1256
272 1532
273 502
273 562
273 657
273 943
273 1035
273 1445
273 1635
273 1644
273 1836
274 356
274 630
274 694
274 1105
274 1226
274 1257
274 1261
274 1291
274 1316
274 1497
274 1556
275 277
275 599
275 777
275 1003
275 1364
275 1422
275 1473
275 1733
275 1769
276 386
276 420
276 502
276 1136
276 1213
276 1286
276 1332
276 1437
276 1828
277 767
277 774
277 948
277 1539
277 1572
278 309
278 507
278 614
278 731
278 931
278 1155
278 1608
278 1931
278 1970
279 365
279 612
279 662
279 752
279 855
279 919
279 1117
279 1135
279 1436
279 1711
280 396
280 433
280 598
280 746
280 878
280 906
280 930
280 1861
281 703
281 1580
281 1593
281 1609
281 1689
281 1695
281 1820
281 1986
282 576
282 632
282 673
282 706
282 846
282 890
282 941
282 1017
282 1073
282 1343
282 1615
282 1697
282 1778
282 1933
283 823
283 906
283 1014
283 1027
283 1063
283 1252
283 1261
283 1661
283 1887
283 1934
283 1935
284 378
284 517
284 611
284 615
284 993
284 1197
284 1315
285 495
285 628
285 689
285 983
285 1007
285 1046
285 1281
286 407
286 1011
286 1025
286 1026
286 1383
287 421
287 817
287 835
287 893
287 1147
288 329
288 628
288 794
288 1591
288 1701
288 1712
289 464
289 667
289 690
289 792
289 822
289 1081
289 1167
289 1566
289 1613
289 1640
289 1667
289 1756
289 1928
290 474
290 507
290 513
290 554
290 741
290 820
290 988
290 1003
290 1214
290 1796
291 337
291 616
291 679
291 998
291 1708
292 549
292 626
292 772
292 1181
292 1745
292 1976
292 1998
293 527
293 900
293 1393
293 1595
293 1684
293 1937
294 463
294 492
294 615
294 1017
294 1085
294 1235
294 1465
294 1520
295 481
295 562
295 672
295 701
295 844
295 869
295 1113
295 1360
295 1950
295 1980
296 549
296 644
296 715
296 753
296 1169
296 1187
296 1612
296 1686
297 370
297 510
297 570
297 768
297 1419
297 1546
297 1787
297 1838
298 301
298 383
298 410
298 602
298 734
298 760
298 859
298 1045
298 1178
299 329
299 420
299 596
299 789
299 821
299 1148
299 1226
299 1405
299 1691
299 1834
299 1884
300 473
300 752
300 890
300 1177
300 1253
300 1261
300 1344
300 1369
301 502
301 524
301 820
301 1192
301 1765
301 1894
301 1900
302 325
302 680
302 747
302 1051
302 1210
302 1373
302 1966
302 1976
303 476
303 656
303 792
303 932
303 1184
303 1214
303 1486
303 1695
304 487
304 1496
304 1639
305 582
305 615
305 913
305 925
305 1138
305 1139
305 1746
305 1891
306 435
306 448
306 862
306 1112
306 1139
306 1155
306 1316
306 1339
306 1401
306 1493
306 1798
306 1824
306 1974
307 493
307 638
307 713
307 1254
307 1438
307 1466
307 1506
307 1516
307 1699
307 1739
307 1876
308 398
308 1219
308 1237
308 1916
309 423
309 936
309 1032
309 1172
309 1186
309 1333
309 1446
309 1506
309 1551
309 1628
309 1782
309 1983
310 896
310 1010
310 1093
310 1110
310 1174
310 1219
310 1373
310 1809
310 1900
310 1941
310 1963
310 1969
311 322
311 600
311 783
311 873
311 1043
311 1109
311 1234
311 1494
311 1545
311 1637
311 1903
312 626
312 810
312 1099
312 1114
312 1121
312 1488
312 1673
312 1739
312 1957
313 736
313 848
313 918
313 1550
313 1682
313 1865
313 1994
314 467
314 712
314 945
314 1074
314 1298
314 1538
314 1691
314 1793
315 378
315 701
315 731
315 1143
315 1661
315 1827
316 812
316 934
316 1308
316 1317
316 1623
317 345
317 398
317 497
317 628
317 978
317 1037
317 1095
317 1104
317 1174
317 1519
317 1545
317 1679
317 1707
317 1796
317 1860
317 1880
318 329
318 1149
318 1300
318 1682
318 1820
319 699
319 941
319 1081
319 1268
319 1520
319 1526
319 1662
319 1700
319 1865
320 731
320 854
320 938
320 1509
320 1790
320 1915
320 1965
320 1983
321 594
321 732
321 788
321 923
321 984
321 1313
321 1424
321 1635
321 1822
321 1935
321 1962
322 477
322 723
322 871
322 896
322 1404
322 1623
322 1850
323 549
323 620
323 925
323 967
323 1195
323 1214
323 1351
323 1392
323 1451
323 1600
323 1652
324 643
324 713
324 965
324 1095
324 1405
324 1761
324 1769
324 1920
324 1930
324 1947
325 366
325 806
325 1334
325 1390
325 1455
325 1556
325 1942
326 396
326 574
326 1108
326 1152
326 1225
326 1444
326 1574
326 1642
326 1797
326 1938
326 1989
327 499
327 887
327 1012
327 1035
327 1154
327 1165
327 1271
327 1557
327 1693
328 670
328 1061
328 1173
328 1213
328 1250
328 1383
328 1445
328 1556
329 764
329 1656
329 1719
330 892
330 952
330 1052
330 1273
330 1321
330 1496
331 351
331 355
331 717
331 837
331 1277
331 1324
331 1504
331 1536
331 1599
332 610
332 632
332 638
332 706
332 887
332 1166
332 1340
332 1451
332 1905
333 681
333 954
333 972
333 973
333 1057
333 1317
333 1965
334 473
334 687
334 1309
334 1670
334 1898
334 1980
335 403
335 573
335 583
335 789
335 1261
335 1482
335 1555
335 1773
336 598
336 706
336 1203
336 1448
336 1593
336 1598
336 1688
337 495
337 550
337 1004
337 1103
337 1125
337 1565
337 1722
337 1786
338 520
338 537
338 671
338 712
338 1101
338 1146
338 1372
338 1667
338 1734
339 630
339 796
339 998
339 1073
339 1460
339 1846
339 1910
339 1937
340 539
340 572
340 837
340 915
340 985
340 1635
340 1925
341 1049
341 1149
341 1437
341 1488
341 1934
341 1945
342 681
342 713
342 1017
342 1279
342 1310
342 1394
342 1557
343 368
343 645
343 870
343 981
343 1404
343 1970
344 515
344 659
344 765
344 1179
344 1590
344 1618
344 1667
344 1677
345 487
345 691
345 787
345 1033
345 1111
345 1190
345 1202
345 1324
345 1337
345 1345
345 1406
345 1689
345 1802
346 571
346 639
346 769
346 925
346 978
346 1248
346 1539
346 1545
346 1826
346 1971
347 804
347 1026
347 1169
347 1519
348 449
348 501
348 740
348 806
348 898
348 953
348 993
348 1148
348 1212
348 1373
348 1436
348 1541
349 680
349 897
349 1157
349 1311
349 1649
350 401
350 446
350 479
350 509
350 698
350 883
350 1021
350 1448
350 1537
351 447
351 883
351 957
351 1343
351 1627
351 1776
351 1880
352 456
352 546
352 726
352 820
352 1127
352 1348
352 1528
352 1917
353 407
353 751
353 875
353 1351
353 1661
353 1905
354 400
354 497
354 740
354 861
354 882
354 1002
354 1034
354 1057
354 1342
354 1550
355 376
355 798
355 814
355 866
355 900
355 1336
355 1383
355 1435
355 1649
356 1030
356 1187
356 1272
356 1496
356 1614
357 908
357 1478
357 1753
358 444
358 584
358 598
358 1703
358 1704
358 1825
359 414
359 516
359 588
359 816
359 1138
359 1655
360 463
360 482
360 557
360 590
360 701
360 833
360 883
360 1331
360 1680
360 1684
360 1791
361 427
361 503
361 505
361 552
361 1785
362 555
362 639
362 920
362 984
362 1240
362 1426
362 1646
362 1746
362 1748
362 1901
362 1921
363 725
363 1138
363 1507
363 1514
363 1523
363 1866
363 1885
363 1967
364 441
364 486
364 544
364 1112
364 1184
364 1298
364 1634
365 940
365 1016
365 1321
365 1560
365 1759
365 1787
366 531
366 1113
366 1175
366 1302
366 1321
366 1418
366 1560
366 1600
367 750
367 1277
367 1364
367 1366
367 1518
367 1561
367 1568
367 1581
367 1627
367 1729
367 1875
367 1951
368 390
368 414
368 466
368 505
368 508
368 1012
368 1020
368 1237
368 1267
368 1431
368 1532
368 1675
368 1814
369 535
369 628
369 825
369 968
369 1119
369 1286
369 1331
369 1453
369 1507
369 1567
369 1626
370 529
370 652
370 1167
370 1215
370 1239
370 1695
370 1972
371 431
371 837
371 1038
371 1141
371 1641
371 1759
371 1973
372 373
372 536
372 667
372 752
372 777
372 846
372 1056
372 1486
372 1604
372 1841
373 441
373 460
373 498
373 558
373 967
373 969
373 983
373 1370
373 1412
373 1522
373 1891
374 538
374 963
374 1335
374 1714
374 1982
375 668
375 970
375 1013
375 1159
375 1504
375 1660
375 1687
376 515
376 715
376 1051
376 1297
377 433
377 470
377 878
377 903
377 1100
377 1370
377 1487
377 1758
377 1876
378 1079
378 1246
378 1747
379 642
379 1008
379 1402
379 1653
379 1780
379 1828
380 489
380 723
380 1021
380 1130
380 1240
380 1500
380 1780
380 1932
381 459
381 711
381 748
381 795
381 903
381 918
381 1216
381 1396
381 1411
381 1923
382 397
382 447
382 787
382 1060
382 1233
382 1260
382 1721
382 1769
382 1826
382 1900
383 499
383 570
383 578
383 621
383 798
383 860
383 1016
383 1441
383 1697
383 1747
383 1993
384 781
384 846
384 885
384 996
384 1041
384 1271
384 1392
384 1438
385 451
385 590
385 769
385 771
385 836
385 1108
385 1639
385 1646
385 1680
386 397
386 503
386 540
386 840
386 900
386 1471
387 465
387 504
387 514
387 955
387 962
387 1023
387 1185
387 1652
387 1709
388 429
388 808
388 1265
388 1518
388 1614
388 1744
388 1754
389 543
389 607
389 911
389 1152
389 1459
390 412
390 982
390 1077
390 1398
390 1535
390 1682
390 1946
390 1990
391 1213
391 1266
391 1368
391 1568
391 1596
391 1823
391 1948
392 513
392 524
392 598
392 799
392 1117
392 1294
392 1329
392 1821
393 401
393 517
393 843
393 1128
393 1757
393 1956
393 1994
394 488
394 531
394 926
394 935
394 1023
394 1152
394 1215
394 1879
394 1984
395 655
395 1739
395 1785
395 1873
396 626
396 812
396 1031
396 1062
396 1404
396 1407
396 1999
397 486
397 493
397 561
397 711
397 1035
397 1060
397 1111
397 1222
397 1269
397 1496
397 1791
398 441
398 447
398 517
398 775
398 1357
398 1551
398 1574
398 1613
398 1682
398 1889
399 646
399 760
399 973
399 1081
399 1152
399 1506
399 1602
400 471
400 927
400 1212
400 1233
400 1424
400 1564
401 667
401 901
401 1095
401 1097
401 1466
401 1860
402 645
402 664
402 1106
402 1423
402 1867
403 639
403 721
403 741
403 807
403 987
403 1028
403 1118
403 1510
403 1721
403 1879
403 1905
404 637
404 707
404 796
404 834
404 1260
404 1301
404 1969
405 601
405 647
405 695
405 832
405 1159
405 1445
405 1507
405 1729
405 1995
406 877
406 1285
406 1299
406 1346
406 1722
407 616
407 1113
407 1142
407 1432
407 1689
407 1753
407 1919
407 1999
408 597
408 606
408 734
408 747
408 1345
408 1539
408 1581
408 1866
408 1922
408 1929
408 1942
409 427
409 461
409 536
409 588
409 874
409 1203
409 1501
410 702
410 800
410 818
410 883
410 1144
410 1279
410 1974
411 948
411 1107
411 1250
412 501
412 702
412 894
412 1794
412 1828
412 1919
413 431
413 791
413 948
413 1434
413 1764
414 1001
414 1444
414 1554
414 1835
414 1953
415 633
415 1510
415 1660
415 1936
416 626
416 705
416 735
416 971
416 1389
416 1407
416 1563
416 1990
417 440
417 451
417 665
417 732
417 975
417 1639
417 1858
418 918
418 933
418 998
418 1132
418 1224
418 1238
418 1400
418 1512
418 1648
418 1822
419 468
419 480
419 646
419 738
419 853
419 1205
419 1464
420 551
420 603
420 795
420 1144
420 1194
420 1328
420 1508
420 1850
421 464
421 680
421 691
421 867
421 914
421 988
421 1029
421 1235
421 1340
422 884
422 1211
422 1358
422 1431
422 1609
422 1775
423 643
423 719
423 756
423 1278
423 1315
424 669
424 1014
424 1154
424 1669
424 1923
425 766
425 780
425 787
425 869
425 893
425 1178
425 1498
425 1818
426 1880
427 430
427 477
427 563
427 903
427 1035
427 1216
427 1715
427 1853
428 754
428 760
428 932
428 1261
428 1637
428 1809
428 1921
428 1988
429 529
429 605
429 693
429 840
429 968
429 1205
429 1252
430 609
430 970
430 1084
430 1143
430 1675
430 1775
430 1961
431 442
431 1167
431 1333
431 1468
431 1707
431 1964
432 1058
432 1453
432 1483
432 1665
433 461
433 566
433 620
433 1010
433 1710
434 540
434 729
434 947
434 990
434 1011
434 1249
434 1272
434 1457
434 1477
434 1769
434 1810
434 1873
435 515
435 543
435 863
435 1076
435 1394
435 1691
435 1700
435 1716
435 1906
436 691
436 715
436 784
436 1049
436 1402
436 1601
436 1905
436 1981
436 1988
437 609
437 751
437 989
437 1134
437 1283
437 1419
437 1489
437 1706
437 1770
437 1856
437 1974
438 444
438 498
438 607
438 658
438 1167
438 1456
438 1727
438 1855
439 629
439 660
439 670
439 671
439 1464
439 1746
440 629
440 745
440 780
440 878
440 1220
440 1278
440 1393
440 1406
440 1680
440 1845
440 1875
441 444
441 553
441 681
441 964
441 972
441 1008
441 1211
441 1395
441 1476
441 1523
441 1604
442 1113
442 1313
442 1645
442 1992
443 1086
443 1281
443 1412
443 1488
443 1505
443 1655
443 1882
444 562
444 734
444 775
444 1004
444 1174
444 1212
444 1246
444 1430
444 1453
444 1668
444 1843
444 1897
444 1981
445 628
445 668
445 727
445 985
445 1020
445 1033
445 1232
445 1426
445 1786
445 1877
445 1947
446 546
446 634
446 721
446 803
446 1070
446 1261
446 1969
447 884
447 1028
447 1131
447 1178
447 1455
447 1607
447 1612
447 1696
447 1701
447 1995
448 554
448 672
448 1054
448 1135
448 1580
448 1669
448 1680
448 1763
449 654
449 663
449 695
449 733
449 970
449 1093
449 1172
449 1216
449 1273
449 1768
449 1801
449 1921
450 754
450 872
450 890
450 909
450 1379
450 1615
451 621
451 638
451 830
451 1070
451 1095
451 1126
451 1467
451 1677
451 1685
451 1850
451 1920
452 508
452 584
452 594
452 815
452 834
452 1856
452 1861
452 1955
453 1046
453 1127
453 1315
453 1558
453 1695
453 1716
453 1847
453 1861
453 1898
454 642
454 777
454 1052
454 1058
454 1150
454 1293
454 1793
455 457
455 592
455 653
455 1126
455 1638
455 1694
455 1760
455 1806
455 1992
456 490
456 806
456 1239
456 1251
456 1254
456 1478
456 1551
456 1725
457 692
457 780
457 842
457 843
457 1004
457 1009
457 1029
457 1135
457 1197
457 1461
458 642
458 738
458 835
458 955
458 1094
458 1436
458 1572
458 1653
459 547
459 763
459 840
459 1498
459 1531
459 1731
459 1777
460 707
460 745
460 997
460 1038
460 1153
460 1158
460 1215
460 1234
460 1265
460 1674
461 1225
461 1302
461 1670
461 1722
461 1959
462 781
462 967
462 1689
462 1824
463 694
463 1202
463 1382
463 1426
463 1807
463 1849
464 836
464 859
464 1492
464 1522
464 1888
464 1984
465 586
465 827
465 957
465 1002
465 1225
465 1429
465 1660
465 1680
465 1701
466 657
466 1234
466 1339
466 1476
466 1576
466 1710
466 1890
466 1992
467 515
467 554
467 796
467 976
467 1024
467 1039
467 1263
467 1426
467 1762
468 540
468 633
468 639
468 904
468 1049
468 1238
468 1544
469 1014
469 1157
469 1243
469 1505
469 1617
469 1898
470 556
470 660
470 883
470 1559
470 1905
470 1993
471 510
471 740
471 912
471 1087
471 1114
471 1156
471 1243
471 1257
471 1533
471 1617
472 735
472 792
472 939
472 1331
472 1348
472 1370
472 1563
473 582
473 745
473 771
473 1016
473 1044
473 1222
473 1277
473 1279
473 1543
474 488
474 494
474 581
474 633
474 692
474 704
474 749
474 776
474 832
474 988
474 1081
474 1127
474 1329
474 1452
474 1703
474 1775
474 1796
475 712
475 763
475 861
475 1174
475 1603
475 1607
475 1981
476 509
476 800
476 917
476 945
476 1071
476 1113
476 1127
476 1419
476 1712
476 1771
477 784
477 995
477 1032
477 1118
477 1322
477 1467
477 1572
478 512
478 819
478 1079
478 1083
478 1369
478 1385
478 1425
478 1496
478 1605
478 1720
478 1741
479 484
479 607
479 1305
479 1340
479 1468
479 1510
479 1780
480 1109
480 1126
480 1459
480 1542
480 1663
480 1890
481 823
481 887
481 943
481 1121
481 1211
481 1243
481 1320
482 567
482 568
482 647
482 663
482 963
482 1671
483 662
483 850
483 1559
484 809
484 1015
484 1054
484 1193
484 1207
484 1520
484 1770
484 1959
485 507
485 534
485 551
485 557
485 1562
485 1668
485 1755
486 556
486 610
486 627
486 954
486 1262
486 1302
486 1730
486 1924
487 747
487 783
487 923
487 1313
487 1491
487 1743
488 794
488 836
488 853
488 962
488 1282
488 1331
488 1342
488 1433
488 1523
488 1614
488 1730
488 1750
489 502
489 847
489 921
489 1419
489 1783
489 1953
490 628
490 893
490 984
490 1279
490 1448
490 1456
490 1852
490 1921
491 582
491 739
491 804
491 939
491 974
491 1106
491 1157
491 1211
491 1553
491 1792
491 1989
492 574
492 702
492 1065
492 1158
492 1293
492 1632
493 757
493 1145
493 1293
493 1398
493 1447
493 1609
493 1932
494 641
494 889
494 1180
494 1393
494 1423
494 1530
494 1562
494 1655
494 1884
494 1922
495 764
495 1017
495 1213
495 1301
495 1636
496 585
496 612
496 663
496 750
496 912
496 1358
496 1377
496 1883
496 1965
496 1974
497 900
497 975
497 1026
497 1223
497 1323
497 1557
497 1578
497 1832
497 1884
497 1925
498 1177
498 1203
498 1220
498 1236
498 1665
499 785
499 812
499 1044
499 1200
499 1204
499 1342
499 1774
499 1823
499 1845
499 1931
500 619
500 715
500 1027
500 1046
500 1222
500 1420
500 1707
500 1774
501 672
501 837
501 1553
501 1687
501 1688
502 509
502 531
502 533
502 563
502 615
502 814
502 1134
502 1164
502 1288
502 1306
502 1331
502 1698
503 653
503 977
503 1083
503 1309
503 1427
503 1515
503 1615
504 514
504 641
504 646
504 810
504 1021
504 1298
504 1339
504 1474
504 1561
504 1830
505 582
505 943
505 1010
505 1441
506 1358
506 1492
506 1604
506 1685
507 578
507 1247
507 1277
507 1295
507 1907
507 1951
508 614
508 644
508 705
508 737
508 893
508 940
508 1101
508 1106
508 1114
508 1304
508 1473
508 1716
508 1933
508 1972
509 798
509 1034
509 1141
509 1173
509 1374
509 1746
509 1915
510 1128
510 1374
510 1401
510 1626
510 1922
511 1399
511 1435
511 1854
511 1883
511 1914
511 1915
512 732
512 826
512 846
512 867
512 1361
512 1531
512 1561
512 1649
512 1713
513 610
513 983
513 1123
513 1166
513 1383
513 1687
513 1739
514 732
514 769
514 833
514 1021
514 1098
514 1151
514 1644
515 550
515 1299
515 1344
515 1345
515 1455
515 1702
515 1956
516 692
516 852
516 1206
516 1427
516 1436
516 1519
516 1527
516 1656
516 1784
516 1871
517 781
517 1261
517 1396
517 1604
517 1730
517 1788
518 660
518 661
518 732
518 1452
518 1785
518 1962
519 919
519 948
519 1006
519 1369
519 1510
519 1867
519 1891
519 1990
520 635
520 807
520 1257
520 1267
520 1340
520 1421
520 1626
520 1750
520 1847
520 1915
521 528
521 730
521 994
521 1018
521 1346
521 1366
521 1486
521 1859
521 1945
522 534
522 542
522 733
522 801
522 837
522 1282
522 1519
523 640
523 780
523 885
523 955
523 1399
523 1461
523 1466
523 1518
523 1570
523 1668
523 1781
523 1795
524 854
524 873
524 895
524 1124
524 1413
524 1811
525 685
525 686
525 1144
525 1168
525 1186
525 1273
525 1606
525 1734
526 699
526 701
526 718
526 870
526 1015
526 1055
526 1164
526 1251
526 1350
526 1455
526 1918
527 569
527 1195
527 1473
527 1569
527 1631
528 1097
528 1321
528 1377
528 1416
528 1475
528 1608
528 1631
528 1946
529 725
529 733
529 787
529 885
529 1176
529 1205
529 1305
529 1494
529 1991
530 616
530 1252
530 1448
530 1565
530 1890
531 688
531 1106
531 1251
531 1283
531 1339
531 1406
531 1505
531 1900
531 1973
532 676
532 1234
532 1240
532 1247
532 1336
533 594
533 733
533 895
533 897
533 1088
533 1246
533 1573
533 1716
533 1988
534 1061
534 1204
534 1221
534 1297
534 1318
534 1488
534 1659
535 648
535 741
535 778
535 855
535 861
535 1035
535 1142
535 1180
535 1634
536 736
536 791
536 923
536 1063
536 1770
536 1953
537 909
537 1148
537 1437
537 1614
537 1807
537 1829
538 671
538 958
538 1016
538 1087
538 1167
538 1339
538 1552
538 1851
538 1961
538 1995
539 631
539 639
539 1258
539 1502
539 1503
539 1840
539 1865
540 1336
541 542
541 1387
541 1513
541 1766
541 1865
541 1969
542 1352
542 1608
542 1805
542 1945
542 1954
542 1966
543 771
543 884
543 886
543 1311
543 1354
543 1394
543 1582
543 1626
543 1778
543 1803
544 702
544 705
544 1063
544 1371
544 1522
544 1698
544 1899
545 575
545 670
545 1173
545 1194
545 1221
545 1424
545 1608
545 1626
545 1753
545 1928
546 898
546 1093
546 1488
546 1764
546 1879
547 774
547 937
547 1032
547 1056
547 1088
547 1150
547 1306
547 1566
547 1594
547 1741
548 1015
548 1096
548 1313
548 1676
548 1903
549 595
549 613
549 1546
549 1563
549 1578
549 1591
550 577
550 675
550 733
550 829
550 839
550 1343
550 1422
550 1468
550 1763
550 1879
550 1930
551 908
551 1279
551 1473
551 1548
551 1952
552 898
552 947
552 1229
552 1259
552 1276
552 1343
552 1462
552 1580
552 1772
553 650
553 1030
553 1227
553 1413
553 1442
553 1554
553 1569
553 1597
553 1657
553 1784
554 596
554 644
554 676
554 754
554 759
554 877
554 1232
554 1261
554 1410
554 1680
554 1713
554 1987
554 1988
555 618
555 649
555 782
555 1964
556 933
556 952
556 1100
556 1113
556 1292
556 1551
556 1569
556 1608
556 1758
556 1760
556 1785
556 1809
556 1958
557 699
557 731
557 768
557 782
557 975
557 1082
557 1083
557 1322
557 1424
557 1975
558 805
558 839
558 921
558 947
558 1067
558 1199
558 1296
558 1359
559 674
559 718
559 1009
559 1107
559 1152
559 1213
559 1214
559 1553
559 1960
560 1081
560 1152
560 1359
560 1607
560 1641
560 1779
561 700
561 1064
561 1217
561 1715
561 1757
562 894
562 1271
562 1624
562 1780
562 1926
562 1947
563 724
563 737
563 756
563 766
563 983
563 1314
563 1445
563 1564
563 1874
563 1934
564 976
564 1076
564 1502
564 1964
565 1394
565 1577
565 1585
565 1587
566 624
566 994
566 1319
566 1431
566 1654
566 1701
566 1924
567 816
567 1003
567 1035
567 1049
567 1114
567 1341
567 1441
568 577
568 1060
568 1315
568 1340
568 1478
568 1495
569 879
569 908
569 969
569 986
569 1081
569 1232
569 1249
569 1325
569 1619
569 1795
570 684
570 821
570 933
570 1022
570 1187
570 1300
570 1340
570 1364
570 1534
571 606
571 641
571 668
571 723
571 894
571 904
571 953
571 1022
571 1289
571 1458
571 1618
571 1769
572 788
572 922
572 984
572 1126
572 1199
572 1528
572 1548
572 1581
573 639
573 795
573 962
573 1297
573 1363
573 1436
573 1486
573 1870
574 701
574 1253
574 1279
574 1349
574 1373
574 1535
575 625
575 728
575 1313
575 1599
575 1684
575 1949
576 802
576 839
576 911
576 912
576 1153
576 1505
576 1563
576 1729
576 1947
577 591
577 868
577 1101
577 1442
577 1976
578 986
578 1063
578 1330
578 1407
578 1699
578 1751
578 1885
578 1998
579 750
579 765
579 1084
579 1218
579 1553
579 1584
580 1066
580 1229
580 1633
580 1673
580 1894
580 1980
581 770
581 772
581 1192
581 1235
581 1331
581 1357
581 1490
581 1511
581 1841
581 1851
582 703
582 1436
582 1545
582 1641
582 1647
582 1847
582 1986
583 814
583 1048
583 1398
583 1404
583 1787
583 1820
584 984
584 1019
584 1191
584 1250
584 1368
584 1509
584 1593
584 1808
584 1965
585 667
585 1022
585 1290
585 1613
585 1637
585 1701
585 1817
586 728
586 750
586 950
586 1030
586 1108
586 1151
586 1284
586 1344
586 1647
586 1779
587 809
587 1177
587 1724
587 1772
587 1777
588 601
588 817
588 845
588 932
588 1116
588 1284
588 1352
588 1545
588 1606
589 645
589 956
589 1083
589 1086
589 1128
590 790
590 832
590 889
590 966
590 1324
590 1382
590 1806
590 1857
590 1964
591 648
591 674
591 762
591 1398
591 1861
591 1863
592 974
592 988
592 1012
592 1155
592 1246
592 1300
592 1381
592 1839
593 687
593 1473
593 1497
593 1514
593 1610
593 1618
593 1824
593 1956
594 665
594 727
594 841
594 1021
594 1169
594 1192
594 1294
594 1385
594 1421
594 1879
594 1889
595 601
595 638
595 776
595 777
595 1098
595 1916
596 617
596 1443
596 1534
596 1722
596 1991
597 621
597 993
597 1106
597 1137
597 1235
597 1450
597 1588
598 664
598 953
598 1606
598 1643
599 1026
599 1323
599 1758
599 1832
600 779
600 907
600 1100
600 1307
600 1442
600 1630
600 1915
601 841
601 907
601 1391
601 1446
601 1784
601 1858
601 1872
601 1964
602 867
602 1058
602 1172
602 1522
603 621
603 952
603 968
603 1274
603 1373
603 1954
604 843
604 1099
604 1341
604 1731
605 922
605 1096
605 1496
605 1517
605 1794
606 899
606 1276
606 1381
606 1607
607 648
607 1102
607 1271
607 1543
607 1731
608 735
608 926
608 940
608 1096
608 1155
608 1498
608 1763
609 844
609 1575
609 1589
610 749
610 1128
610 1226
610 1286
610 1684
610 1753
610 1908
611 722
611 906
611 1051
611 1572
611 1775
612 641
612 1247
612 1356
612 1501
612 1623
612 1698
612 1719
612 1774
612 1820
613 773
613 1168
613 1238
613 1405
613 1823
613 1982
614 793
614 817
614 1236
614 1246
614 1312
614 1322
614 1791
615 753
615 1005
615 1237
615 1260
615 1267
615 1291
615 1540
615 1762
615 1804
615 1817
616 628
616 1550
616 1633
616 1702
616 1807
617 638
617 1144
617 1251
617 1293
617 1330
617 1425
617 1573
618 632
618 848
618 1291
618 1678
618 1866
619 1416
619 1581
619 1730
619 1844
620 847
620 932
620 1096
620 1328
620 1349
620 1376
620 1382
620 1630
621 725
621 731
621 856
621 1041
621 1207
621 1716
621 1798
622 1215
622 1382
622 1395
622 1603
622 1616
622 1728
622 1878
623 882
623 938
623 1002
623 1552
624 1186
624 1235
624 1439
624 1466
624 1998
625 904
625 961
625 1008
625 1032
625 1634
625 1861
626 1110
626 1423
626 1448
626 1716
626 1774
626 1951
627 1305
627 1343
627 1383
627 1735
627 1856
628 821
628 845
628 1843
628 1869
629 789
629 856
629 1113
629 1700
629 1800
630 1372
630 1382
630 1385
630 1527
630 1589
630 1599
630 1603
630 1847
631 709
631 755
631 920
631 1077
631 1120
631 1273
631 1546
632 682
632 693
632 845
632 983
632 1000
632 1069
632 1087
632 1383
632 1442
632 1472
632 1483
632 1545
632 1612
632 1721
632 1762
632 1874
632 1879
632 1924
633 700
633 840
633 1025
633 1085
633 1086
633 1315
633 1321
633 1582
633 1681
633 1711
634 1097
634 1125
634 1620
634 1750
634 1996
635 654
635 777
635 804
635 1088
635 1418
635 1437
635 1917
636 765
636 837
636 840
636 1214
636 1313
636 1333
636 1461
636 1468
636 1598
636 1702
636 1721
636 1792
637 671
637 897
637 1038
637 1072
637 1252
637 1935
638 799
638 864
638 1036
638 1052
638 1074
638 1714
638 1716
639 966
639 1075
639 1646
640 645
640 762
640 789
640 1044
640 1290
640 1650
640 1701
640 1839
640 1900
641 647
641 940
641 1003
641 1042
641 1143
641 1278
641 1366
641 1423
641 1598
641 1714
642 904
642 1003
642 1092
642 1256
642 1661
642 1678
642 1684
642 1785
642 1802
642 1922
642 1941
643 698
643 715
643 764
643 796
643 1163
643 1200
643 1214
643 1416
643 1513
644 681
644 1400
644 1464
644 1976
645 980
645 1010
645 1131
645 1402
645 1588
645 1644
646 823
646 1013
646 1033
646 1038
646 1050
646 1268
646 1357
646 1426
646 1444
646 1566
646 1625
647 932
647 1286
647 1465
647 1619
647 1678
648 1038
648 1322
648 1569
648 1859
649 717
649 1094
649 1152
649 1177
649 1227
649 1262
649 1530
650 957
650 974
650 1085
650 1499
650 1741
650 1816
651 882
651 934
651 964
651 1055
651 1115
651 1119
651 1207
651 1301
651 1604
651 1647
652 670
652 795
652 876
652 1040
652 1158
652 1298
652 1610
652 1927
653 768
653 881
653 1382
653 1445
653 1651
653 1850
654 765
654 1015
654 1186
654 1289
654 1429
654 1601
654 1718
654 1789
655 751
655 791
655 1131
655 1410
655 1417
655 1690
656 837
656 1544
656 1557
656 1865
657 701
658 789
658 808
658 961
658 973
658 1023
658 1181
658 1809
659 1020
659 1046
659 1296
659 1312
659 1358
660 668
660 897
660 1332
660 1444
660 1448
660 1520
660 1660
660 1942
660 1999
661 690
661 1160
661 1202
661 1430
661 1802
662 1138
662 1209
662 1284
662 1699
663 730
663 817
663 922
663 1257
663 1563
663 1609
663 1702
663 1772
663 1994
664 1125
664 1929
665 777
665 1104
665 1317
665 1446
665 1657
665 1843
666 761
666 856
666 954
666 1266
666 1876
667 944
667 1131
667 1140
667 1150
667 1321
667 1359
667 1492
667 1546
667 1672
667 1727
668 827
668 1015
668 1209
668 1399
668 1426
668 1526
668 1866
668 1942
669 764
669 1511
669 1555
669 1714
670 1126
671 1013
671 1272
671 1308
671 1568
672 682
672 797
672 802
672 1225
672 1330
672 1396
672 1571
672 1812
673 737
673 896
673 984
673 1215
673 1246
673 1491
673 1506
673 1590
673 1748
674 833
675 889
675 900
675 916
675 1060
675 1181
675 1250
675 1343
675 1421
676 799
676 956
676 1070
676 1204
676 1264
676 1339
676 1372
676 1605
676 1913
676 1958
677 958
677 1143
677 1392
677 1533
677 1864
678 888
678 1695
678 1928
679 687
679 732
679 1295
679 1769
680 1399
680 1822
680 1867
681 703
681 739
681 750
681 855
681 957
681 1037
681 1096
681 1361
681 1430
681 1632
681 1658
681 1754
682 745
682 1116
683 726
683 815
683 867
683 978
683 1025
683 1199
683 1563
683 1637
683 1843
683 1913
684 965
684 1077
684 1264
684 1387
684 1424
684 1963
684 1973
685 1113
685 1140
685 1146
685 1336
685 1396
685 1450
685 1616
685 1669
686 691
686 747
686 818
686 929
686 1092
686 1419
686 1476
687 861
687 982
687 1042
687 1151
687 1302
687 1706
687 1728
687 1750
687 1890
688 828
688 869
688 1059
688 1140
688 1156
688 1196
688 1526
688 1622
688 1823
688 1968
689 1056
689 1135
689 1144
689 1356
689 1482
689 1496
689 1856
690 740
690 1448
691 701
691 729
691 736
691 742
692 1362
692 1479
692 1642
692 1709
692 1913
693 799
693 823
693 985
693 1210
693 1304
693 1358
693 1973
694 837
694 1087
694 1246
694 1309
694 1340
694 1612
694 1870
694 1969
695 982
695 1004
695 1751
695 1818
696 754
696 932
696 1089
696 1550
696 1818
696 1906
697 746
697 790
697 869
697 972
697 1686
697 1767
698 886
698 977
698 1091
698 1931
698 1946
699 841
699 855
699 953
699 1075
699 1182
699 1319
699 1540
699 1547
699 1964
700 728
700 787
700 1030
700 1044
700 1436
701 1014
701 1241
701 1337
701 1338
701 1393
701 1508
701 1520
701 1598
701 1991
702 718
702 791
702 1816
703 805
703 809
703 884
703 1182
703 1376
703 1419
703 1607
703 1917
704 739
704 1103
704 1492
704 1623
704 1804
704 1839
704 1906
704 1933
705 962
705 1463
705 1472
705 1497
705 1515
705 1516
705 1790
706 744
706 1028
706 1116
706 1258
706 1843
706 1946
707 833
707 908
707 1142
707 1236
707 1396
707 1434
707 1442
707 1587
707 1700
707 1838
708 942
708 1560
709 1078
709 1518
709 1649
709 1745
710 721
710 776
710 962
710 1031
710 1358
710 1392
710 1445
710 1771
710 1836
710 1897
710 1942
711 818
711 826
711 1316
711 1617
711 1634
711 1866
711 1880
712 808
712 821
712 1175
713 766
713 799
713 813
713 837
713 841
713 885
713 917
713 1067
713 1735
713 1885
714 1207
714 1230
714 1324
714 1522
714 1623
714 1651
714 1655
714 1979
715 794
715 1239
715 1457
715 1750
715 1840
716 770
716 1112
716 1238
716 1375
716 1482
716 1586
716 1815
716 1958
717 790
717 1144
717 1151
717 1903
718 1143
718 1472
718 1550
718 1768
719 821
719 827
719 1082
719 1248
719 1553
719 1633
719 1651
720 755
720 770
720 956
720 1114
720 1246
720 1305
720 1491
720 1543
720 1571
720 1805
720 1854
721 831
721 1000
721 1767
722 827
722 1319
722 1562
722 1580
722 1906
722 1958
723 1528
723 1852
723 1883
723 1902
724 879
724 942
724 1162
724 1216
724 1663
724 1667
725 799
725 822
725 938
725 1132
725 1841
726 741
726 850
726 1436
726 1680
726 1839
726 1977
727 958
727 1570
727 1919
727 1985
728 919
728 1009
728 1168
728 1310
728 1459
728 1517
728 1569
728 1844
729 737
729 787
729 806
729 832
729 866
729 1013
729 1508
729 1520
729 1525
729 1630
729 1827
729 1892
730 894
730 934
730 935
730 1047
730 1066
730 1208
730 1582
730 1735
730 1847
731 1029
731 1051
731 1055
731 1202
731 1243
731 1258
731 1281
731 1680
731 1761
732 827
732 967
732 981
732 1126
732 1188
732 1526
732 1881
733 1103
733 1199
733 1264
733 1396
733 1580
733 1706
733 1774
733 1832
734 798
734 1095
734 1211
734 1226
734 1318
734 1336
734 1410
734 1424
734 1727
734 1740
734 1837
734 1893
734 1979
735 952
735 1054
735 1357
735 1410
735 1601
735 1635
735 1657
735 1673
735 1697
736 931
736 936
736 1065
736 1229
736 1323
736 1346
736 1397
736 1951
737 852
737 1413
737 1571
737 1798
737 1899
737 1917
738 745
738 823
738 1062
738 1083
738 1141
738 1420
738 1695
738 1789
739 956
739 1239
739 1263
739 1360
739 1608
739 1612
739 1884
740 1235
740 1398
740 1504
740 1638
740 1808
741 747
741 799
741 856
741 941
741 1149
741 1191
741 1435
741 1574
741 1644
741 1857
742 830
742 1324
742 1493
742 1500
742 1861
742 1969
743 1317
743 1484
743 1626
743 1861
743 1904
744 955
744 1176
744 1588
744 1874
745 899
745 927
745 983
745 1525
746 970
746 997
746 1534
746 1846
746 1989
747 895
747 984
748 1198
748 1432
748 1637
748 1834
748 1921
749 872
749 977
749 1055
749 1059
749 1188
749 1349
749 1369
749 1442
749 1481
749 1741
749 1818
750 911
750 1208
750 1582
750 1673
750 1943
751 776
751 816
751 1037
751 1154
751 1192
751 1194
751 1288
751 1391
751 1464
751 1935
752 1083
752 1173
752 1850
753 938
753 1094
753 1380
753 1800
754 1094
754 1298
754 1518
754 1632
754 1739
754 1912
755 983
755 1138
755 1795
756 1216
756 1265
756 1283
756 1479
756 1518
756 1629
756 1765
756 1804
756 1948
757 1192
757 1232
758 775
758 932
758 953
758 1380
758 1608
758 1638
758 1677
759 1326
759 1466
759 1915
760 795
760 861
760 1269
760 1504
760 1754
760 1771
761 771
761 1191
761 1341
761 1415
761 1678
762 1018
762 1707
763 811
763 1263
763 1271
763 1436
763 1966
763 1989
764 1066
764 1074
764 1237
764 1612
764 1875
765 821
765 885
765 948
765 1072
765 1094
765 1115
765 1276
765 1291
765 1593
765 1664
765 1880
766 796
766 1235
766 1310
766 1931
767 1046
767 1090
767 1579
767 1768
767 1936
767 1996
768 1004
768 1615
768 1743
768 1961
769 1159
769 1275
769 1679
770 951
770 1008
771 825
771 1039
771 1595
772 807
772 1054
773 932
773 1317
773 1506
774 1213
774 1315
774 1371
774 1438
774 1446
774 1528
774 1640
774 1820
774 1861
775 1326
775 1454
775 1886
776 962
776 1220
776 1225
776 1603
776 1810
777 857
777 998
777 1324
777 1843
778 1386
778 1716
778 1780
778 1994
779 854
779 1019
779 1203
779 1281
779 1296
779 1368
779 1457
779 1678
780 797
780 823
780 1197
780 1204
780 1281
780 1665
780 1798
780 1898
781 863
781 1548
781 1720
782 848
782 991
782 1175
782 1706
782 1806
782 1990
783 916
783 974
783 976
783 1008
783 1469
783 1536
783 1544
783 1546
783 1773
783 1795
783 1825
783 1916
783 1972
784 1068
784 1109
784 1336
784 1432
784 1582
784 1867
784 1945
785 1095
785 1452
785 1556
785 1773
785 1843
786 811
786 1056
786 1738
787 1214
787 1327
787 1481
787 1556
787 1712
787 1759
787 1773
787 1776
787 1950
788 859
788 905
788 1462
788 1486
788 1643
788 1704
789 875
789 1669
789 1733
789 1923
789 1977
790 1377
790 1561
790 1867
791 796
791 941
791 1308
791 1530
791 1535
791 1569
791 1716
792 1041
792 1171
792 1391
792 1499
792 1574
792 1824
793 798
793 1059
793 1082
793 1268
793 1402
793 1707
793 1957
793 1985
794 1159
794 1590
795 1014
795 1115
795 1245
795 1256
795 1377
795 1397
795 1694
795 1897
795 1960
796 877
796 1241
796 1397
796 1432
796 1468
796 1741
796 1919
796 1953
797 1247
797 1302
797 1618
798 876
798 1128
798 1364
798 1562
798 1575
798 1740
798 1964
799 1186
799 1291
799 1353
799 1586
799 1634
799 1677
800 832
800 1004
800 1199
800 1288
800 1359
800 1574
800 1721
800 1820
801 856
801 991
801 1021
801 1253
801 1258
801 1456
801 1666
801 1728
801 1869
801 1903
802 835
802 1135
802 1219
802 1364
802 1676
802 1825
803 1137
803 1262
803 1290
803 1377
803 1395
803 1486
803 1527
803 1746
803 1803
803 1994
804 827
804 925
804 945
804 1183
804 1254
804 1383
804 1449
804 1528
804 1634
804 1702
804 1892
804 1894
804 1927
805 876
805 1033
805 1276
805 1705
806 1121
806 1132
806 1349
806 1411
806 1527
806 1809
807 1407
808 881
808 1013
808 1047
808 1091
808 1114
808 1295
808 1343
808 1355
808 1442
808 1532
808 1559
808 1902
809 898
809 996
809 1137
809 1303
809 1550
809 1876
809 1884
810 962
810 1221
810 1249
811 1137
811 1181
811 1246
811 1724
811 1863
811 1934
812 937
812 941
812 1095
812 1259
812 1372
812 1720
812 1809
813 824
813 1088
813 1639
813 1729
813 1887
813 1907
813 1924
814 921
814 1060
814 1362
814 1639
814 1677
815 942
816 857
816 1654
816 1763
816 1938
816 1968
817 1259
817 1348
817 1484
817 1590
817 1704
817 1984
818 944
818 1560
819 873
819 944
819 1851
819 1863
820 866
820 878
820 1170
820 1192
820 1247
820 1473
820 1635
820 1653
820 1950
821 874
821 1073
821 1934
822 1241
822 1845
823 1035
823 1163
823 1331
823 1426
823 1593
823 1597
823 1765
823 1826
824 947
824 1257
824 1495
824 1660
824 1738
825 1115
825 1645
825 1869
826 1408
826 1469
826 1598
826 1787
827 901
827 1266
827 1461
827 1495
827 1741
828 1207
828 1529
828 1565
828 1729
828 1812
828 1843
829 960
829 1045
829 1420
829 1584
829 1924
830 910
830 1042
830 1229
831 1312
831 1320
831 1399
831 1516
831 1593
831 1923
832 1521
832 1730
832 1945
833 912
833 940
833 942
833 998
834 1183
834 1348
834 1437
834 1682
834 1739
835 882
835 1430
835 1541
835 1545
835 1885
835 1929
836 1533
836 1536
836 1549
836 1861
836 1906
837 882
837 1011
837 1240
837 1497
837 1627
837 1735
837 1782
837 1800
838 892
838 993
838 1047
838 1098
838 1147
838 1258
838 1304
838 1346
838 1360
838 1437
838 1493
838 1549
838 1564
838 1655
838 1717
838 1898
839 1203
839 1218
839 1374
839 1668
839 1949
840 951
840 1718
840 1849
840 1880
841 962
841 1068
841 1090
841 1593
841 1707
842 1452
842 1464
842 1604
842 1995
843 922
843 989
843 1142
843 1538
843 1567
843 1588
843 1756
843 1842
844 880
844 1010
844 1126
844 1228
844 1381
844 1469
844 1546
844 1806
845 980
845 1411
845 1439
845 1684
845 1770
845 1904
846 1078
846 1171
846 1330
846 1476
846 1817
846 1864
846 1922
847 1350
847 1661
847 1936
847 1981
848 1068
848 1133
848 1208
848 1472
848 1611
848 1715
849 1041
849 1286
849 1321
849 1323
849 1646
849 1843
850 1262
850 1369
851 1116
851 1147
851 1533
851 1575
851 1621
851 1640
851 1768
852 865
852 888
852 1174
852 1436
852 1493
852 1938
853 1007
853 1350
853 1381
853 1393
853 1695
853 1928
854 1391
854 1395
854 1422
854 1471
854 1595
854 1664
854 1907
855 1444
855 1508
855 1554
855 1689
856 1222
856 1224
856 1249
856 1498
856 1599
856 1681
856 1704
856 1709
856 1975
857 1000
857 1143
857 1406
857 1526
857 1888
858 877
858 897
858 953
858 1306
858 1334
858 1587
858 1623
858 1711
858 1763
858 1797
858 1866
858 1978
858 1990
859 1126
859 1261
859 1328
859 1382
859 1451
859 1754
859 1996
860 1166
860 1304
860 1421
860 1977
860 1989
861 962
861 1371
861 1819
861 1858
861 1929
862 891
862 1246
862 1827
862 1886
863 1061
863 1153
863 1367
863 1513
863 1728
864 1120
864 1464
864 1870
864 1894
865 1085
865 1255
865 1305
865 1367
865 1381
865 1856
865 1887
865 1933
866 935
866 1221
866 1360
866 1430
866 1435
866 1462
866 1850
867 1043
867 1480
867 1631
867 1704
867 1708
867 1718
868 1332
868 1485
868 1754
868 1821
868 1831
869 885
869 1826
870 958
870 968
870 1165
870 1299
870 1496
871 913
871 973
871 1614
871 1762
872 1117
872 1284
872 1344
872 1389
872 1487
873 1305
874 1161
874 1404
874 1500
874 1688
874 1760
875 1356
875 1487
875 1760
875 1847
876 1099
877 908
877 923
877 987
877 1180
877 1505
877 1797
877 1889
878 1016
878 1456
878 1609
879 903
879 1104
879 1491
879 1651
879 1742
879 1791
879 1883
879 1962
880 1112
880 1328
880 1474
880 1478
880 1580
880 1696
880 1964
881 960
881 1343
881 1451
881 1687
881 1718
881 1947
882 1399
882 1740
883 930
883 1059
883 1089
883 1257
883 1611
883 1728
883 1780
884 1038
884 1568
885 1031
885 1131
885 1705
885 1813
886 954
886 1063
886 1187
886 1227
886 1388
886 1404
886 1430
886 1612
887 1134
887 1458
887 1667
887 1741
887 1746
887 1932
887 1939
888 1059
888 1107
888 1109
888 1392
888 1646
888 1656
888 1671
888 1780
889 1063
889 1919
890 931
890 1293
890 1327
890 1513
890 1757
890 1879
890 1897
891 1124
891 1558
891 1977
892 1099
892 1121
892 1173
892 1333
892 1383
892 1521
892 1723
892 1724
892 1815
893 932
893 1124
893 1224
893 1394
893 1825
894 1202
894 1248
894 1312
894 1512
894 1766
894 1895
895 1053
895 1356
895 1456
895 1661
895 1721
896 917
896 1439
896 1989
897 923
897 979
897 1155
897 1193
897 1284
897 1318
898 1319
898 1523
898 1560
898 1809
898 1848
898 1874
899 939
899 1162
899 1247
899 1341
899 1385
899 1431
899 1514
899 1595
899 1706
899 1712
899 1786
900 929
900 941
900 1615
900 1666
900 1718
900 1940
901 962
901 1003
901 1270
901 1566
901 1952
902 1276
902 1360
903 1134
903 1179
903 1295
903 1317
903 1356
903 1944
904 1127
904 1939
905 1063
905 1171
905 1172
905 1623
905 1644
905 1739
906 1086
907 1237
907 1300
907 1760
907 1942
908 1660
908 1786
909 1248
909 1380
909 1469
909 1778
909 1835
910 1020
910 1042
910 1229
910 1505
910 1569
911 1457
911 1492
911 1642
911 1887
911 1927
912 1070
912 1115
912 1492
912 1701
912 1707
913 1068
913 1082
913 1511
913 1521
913 1835
913 1974
914 941
914 1421
914 1756
914 1823
914 1826
915 945
915 1228
915 1339
915 1377
915 1891
915 1958
916 981
916 1139
916 1406
916 1416
916 1631
916 1821
916 1861
916 1969
917 1089
917 1092
917 1553
918 921
918 1002
918 1221
918 1419
918 1619
918 1865
918 1912
918 1933
919 987
919 1130
919 1373
919 1468
920 1760
920 1949
921 1041
921 1369
921 1456
921 1956
922 1251
922 1538
922 1724
923 1166
923 1204
923 1437
923 1549
923 1580
923 1673
923 1865
924 978
924 1012
924 1113
924 1234
924 1271
924 1313
924 1890
924 1899
924 1939
925 928
925 1079
925 1188
925 1276
925 1338
925 1519
925 1937
925 1948
926 1110
926 1208
926 1248
926 1281
926 1374
927 1466
927 1527
927 1622
927 1906
928 1382
928 1405
928 1451
928 1497
928 1603
928 1645
928 1730
928 1772
929 1062
929 1068
929 1928
930 956
930 1086
930 1141
930 1357
930 1398
930 1836
931 942
931 1272
931 1295
931 1299
931 1565
931 1613
931 1879
931 1974
931 1998
932 1485
932 1541
933 1059
933 1146
933 1345
933 1926
934 1083
934 1383
934 1539
934 1624
934 1792
935 1042
935 1132
935 1274
935 1768
935 1806
936 1442
936 1503
936 1609
936 1663
936 1714
937 972
937 1432
937 1636
937 1654
937 1690
937 1801
938 1002
938 1222
938 1422
938 1549
938 1702
938 1955
939 993
939 1145
939 1177
939 1565
939 1587
939 1659
939 1714
939 1725
939 1997
940 1179
940 1451
940 1553
940 1585
940 1631
940 1755
940 1854
941 1130
941 1928
942 1116
942 1174
942 1289
942 1297
942 1741
942 1744
943 1088
943 1756
944 1124
944 1142
944 1148
944 1250
944 1408
944 1464
944 1608
944 1790
944 1986
945 1075
945 1266
945 1294
945 1336
945 1733
945 1812
945 1892
945 1975
946 1267
946 1408
946 1491
947 1298
947 1307
947 1366
947 1757
947 1780
947 1781
948 1364
949 1085
949 1413
949 1624
949 1925
949 1984
950 965
950 1300
950 1457
950 1488
951 1014
951 1057
951 1164
951 1331
951 1408
951 1647
951 1729
951 1738
952 1287
952 1529
953 1021
953 1171
953 1286
953 1348
953 1391
953 1657
954 967
954 1086
954 1324
954 1468
954 1641
955 1130
955 1341
955 1551
955 1689
955 1989
956 958
956 1233
956 1334
956 1366
956 1406
956 1572
957 1101
957 1215
957 1273
957 1366
957 1519
957 1618
958 1162
958 1172
958 1224
958 1246
958 1357
958 1422
958 1519
958 1784
958 1830
959 1149
959 1176
959 1856
960 966
960 1011
960 1097
960 1700
961 990
961 1024
961 1324
961 1719
961 1774
962 1342
962 1389
962 1678
963 1421
963 1517
963 1844
964 1108
964 1313
964 1374
964 1487
964 1768
964 1918
965 1015
965 1049
965 1073
965 1094
965 1203
965 1747
966 991
966 1301
966 1386
966 1522
966 1573
966 1773
966 1902
967 1221
967 1381
967 1493
967 1622
967 1727
967 1797
967 1950
968 1584
968 1901
969 1088
969 1130
969 1235
969 1372
969 1596
969 1676
969 1701
969 1802
969 1862
970 983
970 1029
970 1335
970 1362
970 1569
970 1677
970 1869
971 1153
971 1169
971 1580
971 1783
972 1056
972 1614
972 1625
972 1812
972 1835
973 1151
973 1259
973 1692
973 1714
973 1729
973 1949
974 1046
974 1088
974 1486
975 1021
975 1150
975 1475
975 1716
976 994
976 1245
976 1392
976 1808
977 1222
977 1301
977 1946
978 1184
978 1341
978 1410
978 1712
978 1910
978 1940
979 1293
979 1435
979 1544
979 1550
979 1741
979 1978
980 1344
980 1919
981 1029
981 1322
981 1336
981 1443
981 1560
981 1634
981 1856
982 1010
982 1848
983 1209
983 1745
983 1770
983 1968
984 1040
984 1096
984 1457
984 1458
984 1518
985 1297
985 1376
985 1509
985 1730
986 1388
986 1449
986 1538
986 1981
987 1042
987 1071
987 1346
987 1943
988 1124
988 1202
988 1224
988 1269
988 1303
988 1473
988 1762
989 1045
989 1062
989 1706
989 1892
990 1237
990 1670
990 1705
990 1790
990 1825
990 1883
991 1053
991 1221
991 1249
991 1722
992 1286
992 1438
992 1731
992 1866
993 1428
993 1709
993 1847
993 1944
994 1143
994 1736
994 1929
995 1212
995 1676
995 1749
995 1790
995 1837
995 1844
995 1868
996 1351
996 1424
996 1428
996 1452
996 1724
996 1765
997 1014
997 1078
997 1227
997 1275
997 1290
997 1355
997 1684
997 1689
997 1703
998 1020
998 1415
998 1666
998 1784
999 1000
999 1293
999 1760
1000 1018
1000 1259
1000 1605
1000 1619
1000 1842
1001 1381
1001 1594
1001 1704
1001 1787
1001 1871
1002 1143
1002 1154
1002 1351
1002 1393
1002 1574
1002 1766
1002 1780
1003 1555
1003 1619
1003 1657
1003 1675
1003 1744
1003 1872
1004 1022
1004 1388
1004 1650
1004 1726
1004 1840
1005 1127
1005 1401
1005 1560
1005 1847
1006 1164
1006 1339
1006 1581
1006 1889
1006 1940
1007 1066
1007 1380
1007 1495
1007 1500
1007 1609
1007 1641
1008 1727
1009 1410
1009 1531
1009 1648
1010 1052
1010 1144
1010 1220
1010 1363
1010 1498
1010 1659
1010 1692
1011 1046
1011 1187
1011 1252
1011 1419
1011 1475
1011 1833
1011 1889
1012 1065
1012 1399
1012 1626
1012 1655
1012 1668
1012 1729
1012 1861
1013 1343
1013 1706
1013 1901
1014 1081
1014 1291
1014 1301
1014 1621
1014 1804
1014 1952
1015 1294
1015 1371
1015 1383
1015 1620
1015 1821
1016 1383
1016 1403
1016 1663
1016 1743
1017 1075
1017 1109
1017 1865
1018 1061
1018 1090
1018 1149
1018 1178
1018 1914
1018 1946
1019 1614
1019 1723
1019 1759
1019 1856
1020 1289
1020 1324
1020 1423
1020 1829
1020 1907
1020 1910
1021 1131
1021 1705
1021 1906
1022 1599
1022 1622
1022 1676
1022 1698
1022 1839
1022 1909
1022 1958
1023 1173
1023 1322
1023 1379
1023 1405
1023 1437
1023 1676
1023 1709
1024 1161
1024 1457
1024 1524
1024 1527
1024 1604
1024 1642
1024 1901
1025 1068
1026 1124
1026 1228
1026 1587
1026 1598
1026 1755
1027 1486
1027 1634
1027 1679
1027 1780
1027 1914
1027 1921
1027 1929
1027 1979
1027 1992
1028 1185
1028 1592
1028 1612
1028 1663
1029 1039
1029 1088
1029 1555
1029 1726
1029 1821
1029 1925
1030 1220
1030 1260
1030 1303
1030 1365
1030 1465
1030 1655
1030 1698
1030 1828
1031 1171
1031 1206
1031 1220
1031 1263
1032 1204
1032 1312
1032 1746
1033 1093
1033 1146
1033 1160
1033 1578
1033 1666
1034 1070
1034 1125
1034 1511
1034 1541
1034 1747
1034 1900
1035 1107
1035 1114
1035 1403
1035 1481
1035 1649
1036 1099
1036 1314
1036 1339
1036 1474
1036 1506
1036 1574
1036 1833
1036 1836
1036 1960
1036 1985
1037 1330
1037 1642
1038 1039
1038 1299
1038 1420
1038 1449
1038 1633
1039 1050
1039 1570
1040 1151
1040 1341
1040 1495
1040 1637
1040 1755
1040 1859
1041 1053
1041 1190
1042 1052
1042 1069
1042 1356
1042 1621
1042 1692
1042 1800
1042 1864
1043 1051
1043 1531
1043 1660
1043 1848
1044 1124
1044 1832
1045 1129
1045 1358
1045 1507
1045 1575
1045 1834
1046 1142
1046 1230
1046 1474
1046 1734
1046 1770
1046 1856
1047 1105
1047 1335
1047 1392
1047 1787
1048 1171
1048 1509
1048 1855
1049 1386
1049 1442
1049 1525
1049 1746
1049 1812
1050 1064
1050 1393
1050 1417
1050 1582
1050 1665
1050 1673
1050 1678
1050 1932
1051 1165
1051 1291
1051 1411
1051 1413
1051 1523
1051 1680
1051 1729
1051 1737
1051 1961
1052 1201
1052 1410
1052 1475
1052 1731
1053 1096
1053 1522
1053 1527
1053 1867
1053 1939
1054 1209
1054 1230
1054 1303
1054 1346
1054 1798
1054 1811
1055 1398
1055 1483
1055 1644
1056 1155
1056 1479
1056 1575
1056 1789
1056 1843
1056 1848
1056 1967
1057 1177
1057 1278
1057 1856
1058 1159
1058 1313
1058 1444
1058 1473
1058 1480
1059 1314
1059 1534
1059 1600
1059 1926
1059 1974
1060 1063
1060 1133
1060 1186
1060 1511
1060 1831
1060 1843
1061 1444
1061 1525
1061 1978
1062 1100
1062 1135
1062 1495
1062 1511
1062 1606
1062 1653
1062 1908
1063 1097
1063 1190
1063 1240
1063 1322
1063 1377
1063 1517
1063 1587
1063 1723
1063 1812
1064 1222
1064 1386
1064 1654
1064 1689
1064 1900
1064 1903
1064 1953
1065 1227
1065 1469
1065 1729
1065 1817
1065 1959
1066 1138
1066 1305
1066 1566
1067 1088
1067 1274
1067 1314
1067 1407
1067 1716
1067 1991
1068 1492
1068 1730
1068 1865
1069 1155
1069 1270
1069 1324
1069 1449
1069 1515
1069 1613
1069 1633
1069 1724
1069 1832
1069 1995
1070 1102
1070 1440
1070 1837
1070 1897
1070 1984
1071 1278
1071 1739
1072 1334
1072 1556
1072 1838
1073 1107
1073 1143
1073 1308
1073 1785
1073 1792
1074 1322
1074 1604
1074 1810
1074 1815
1074 1928
1074 1999
1075 1202
1075 1306
1075 1695
1075 1837
1076 1249
1076 1418
1076 1692
1076 1741
1077 1213
1077 1307
1077 1328
1077 1548
1077 1977
1078 1113
1078 1295
1078 1390
1078 1412
1078 1551
1078 1574
1078 1871
1078 1945
1079 1154
1079 1204
1079 1272
1079 1369
1079 1573
1079 1865
1080 1496
1080 1533
1080 1668
1081 1345
1081 1545
1081 1616
1081 1765
1082 1574
1082 1894
1082 1931
1083 1279
1083 1324
1083 1522
1083 1627
1083 1721
1083 1814
1084 1195
1084 1435
1084 1440
1084 1469
1084 1532
1084 1576
1084 1718
1084 1809
1084 1841
1084 1972
1085 1359
1085 1739
1086 1148
1086 1152
1086 1442
1086 1486
1086 1578
1086 1888
1086 1926
1086 1959
1086 1966
1087 1159
1087 1321
1087 1376
1087 1560
1088 1102
1088 1324
1088 1670
1088 1686
1088 1728
1089 1116
1089 1163
1089 1201
1089 1542
1089 1834
1090 1097
1090 1275
1090 1844
1090 1890
1090 1925
1091 1285
1091 1655
1092 1725
1092 1805
1092 1870
1093 1303
1093 1789
1094 1213
1094 1430
1094 1521
1094 1562
1094 1662
1094 1941
1094 1958
1095 1852
1095 1890
1096 1220
1096 1345
1096 1668
1096 1813
1097 1237
1097 1438
1097 1724
1097 1731
1097 1784
1098 1424
1098 1498
1098 1609
1098 1625
1098 1739
1099 1255
1099 1383
1099 1671
1099 1679
1099 1702
1100 1114
1100 1137
1100 1165
1100 1423
1100 1968
1101 1408
1101 1703
1101 1806
1101 1841
1101 1937
1102 1259
1102 1291
1102 1570
1102 1883
1103 1448
1103 1749
1103 1977
1104 1352
1104 1600
1104 1756
1104 1774
1104 1829
1105 1340
1105 1440
1105 1452
1105 1476
1105 1649
1105 1925
1105 1998
1106 1439
1106 1467
1106 1481
1106 1486
1106 1635
1106 1785
1107 1147
1107 1390
1107 1731
1107 1749
1107 1819
1107 1913
1107 1982
1108 1242
1108 1388
1108 1496
1108 1497
1108 1757
1108 1840
1108 1856
1108 1928
1108 1938
1109 1552
1109 1559
1109 1574
1109 1625
1109 1787
1110 1236
1110 1400
1110 1665
1110 1704
1111 1651
1111 1903
1112 1148
1112 1196
1112 1449
1112 1509
1112 1620
1113 1632
1113 1665
1114 1423
1114 1451
1114 1795
1114 1938
1115 1200
1115 1685
1115 1979
1116 1125
1116 1331
1116 1447
1116 1487
1116 1601
1116 1889
1117 1153
1117 1200
1117 1238
1117 1337
1117 1352
1117 1404
1117 1428
1117 1443
1117 1623
1117 1724
1117 1903
1117 1998
1118 1144
1118 1171
1118 1298
1118 1511
1118 1661
1118 1842
1119 1347
1119 1888
1119 1895
1119 1953
1120 1400
1120 1530
1120 1624
1120 1635
1120 1750
1120 1787
1121 1193
1121 1365
1121 1366
1121 1484
1121 1653
1121 1686
1121 1868
1121 1878
1122 1181
1122 1673
1122 1783
1122 1843
1123 1156
1123 1160
1123 1268
1123 1336
1123 1516
1123 1568
1123 1912
1123 1949
1124 1182
1124 1217
1124 1289
1124 1841
1124 1850
1125 1253
1125 1697
1125 1962
1126 1342
1126 1393
1126 1436
1126 1601
1126 1626
1127 1585
1127 1956
1128 1424
1128 1621
1128 1688
1129 1242
1129 1259
1129 1559
1129 1589
1129 1795
1129 1836
1130 1407
1130 1532
1130 1567
1130 1791
1130 1881
1131 1157
1131 1336
1131 1665
1131 1830
1132 1509
1132 1966
1133 1233
1133 1351
1133 1607
1133 1637
1133 1810
1134 1471
1134 1477
1134 1480
1134 1591
1134 1762
1134 1967
1135 1903
1136 1331
1136 1403
1136 1871
1136 1888
1136 1995
1137 1275
1137 1335
1137 1397
1137 1523
1137 1706
1137 1762
1137 1802
1139 1252
1139 1312
1139 1594
1139 1966
1139 1996
1140 1187
1140 1333
1140 1404
1140 1514
1140 1691
1141 1421
1141 1432
1141 1716
1142 1390
1142 1418
1142 1460
1142 1636
1142 1847
1142 1880
1143 1887
1144 1149
1144 1295
1144 1513
1144 1596
1144 1762
1144 1800
1144 1910
1145 1380
1145 1604
1145 1695
1146 1329
1146 1385
1146 1425
1146 1598
1146 1781
1147 1502
1147 1756
1147 1778
1148 1436
1148 1745
1148 1794
1148 1853
1149 1220
1149 1651
1151 1418
1151 1498
1151 1508
1151 1553
1151 1585
1151 1715
1151 1889
1151 1939
1151 1940
1152 1310
1152 1525
1152 1676
1152 1892
1153 1217
1153 1594
1153 1833
1154 1645
1154 1687
1154 1874
1155 1321
1155 1612
1155 1716
1155 1817
1155 1852
1156 1472
1156 1669
1156 1774
1157 1209
1157 1246
1157 1272
1157 1488
1157 1967
1158 1215
1158 1336
1158 1341
1158 1470
1158 1990
1159 1400
1159 1506
1159 1614
1159 1810
1160 1190
1160 1216
1160 1326
1160 1377
1160 1609
1160 1939
1161 1312
1162 1706
1163 1237
1163 1438
1163 1591
1163 1815
1163 1857
1164 1221
1164 1321
1164 1574
1164 1717
1164 1819
1165 1222
1165 1708
1166 1222
1166 1390
1166 1417
1166 1433
1166 1733
1166 1897
1167 1201
1167 1355
1167 1421
1167 1474
1167 1812
1167 1996
1168 1799
1169 1476
1169 1893
1170 1504
1170 1512
1170 1608
1170 1801
1170 1995
1171 1289
1171 1303
1171 1625
1171 1813
1172 1232
1172 1331
1172 1451
1173 1302
1173 1501
1173 1557
1173 1786
1173 1974
1174 1425
1174 1504
1175 1443
1175 1701
1175 1796
1175 1881
1176 1228
1176 1444
1176 1465
1176 1495
1176 1689
1176 1723
1176 1741
1176 1828
1176 1963
1177 1225
1177 1508
1177 1514
1177 1553
1177 1554
1177 1663
1178 1295
1178 1314
1178 1385
1178 1551
1178 1567
1178 1640
1178 1785
1178 1822
1178 1964
1178 1999
1179 1326
1179 1590
1179 1797
1179 1915
1180 1224
1180 1602
1180 1618
1180 1662
1180 1841
1181 1470
1181 1529
1181 1644
1181 1654
1181 1768
1182 1542
1182 1782
1183 1365
1183 1467
1183 1538
1183 1852
1183 1958
1183 1979
1184 1327
1184 1406
1184 1767
1184 1811
1184 1863
1184 1959
1184 1962
1185 1542
1185 1594
1185 1622
1185 1706
1185 1930
1186 1239
1186 1378
1186 1458
1186 1489
1186 1643
1186 1667
1186 1818
1186 1913
1187 1420
1187 1792
1187 1816
1187 1898
1187 1925
1187 1954
1188 1223
1188 1257
1188 1308
1188 1682
1189 1358
1190 1290
1190 1613
1190 1890
1191 1209
1191 1682
1191 1694
1191 1764
1191 1825
1191 1882
1192 1621
1193 1288
1193 1352
1193 1379
1193 1456
1193 1775
1194 1213
1194 1239
1194 1250
1194 1742
1194 1770
1194 1846
1194 1988
1195 1289
1195 1326
1195 1412
1195 1509
1195 1812
1196 1300
1196 1355
1196 1602
1196 1690
1197 1525
1197 1716
1197 1791
1197 1807
1197 1841
1198 1361
1198 1422
1198 1425
1198 1456
1198 1575
1198 1709
1198 1780
1198 1821
1198 1976
1199 1227
1199 1237
1199 1308
1199 1433
1199 1570
1199 1737
1200 1291
1200 1675
1200 1859
1200 1872
1200 1967
1201 1255
1201 1559
1201 1648
1202 1280
1202 1344
1202 1613
1202 1703
1202 1747
1202 1838
1203 1265
1203 1469
1203 1722
1204 1747
1204 1910
1205 1294
1205 1376
1205 1799
1206 1282
1206 1641
1207 1252
1207 1282
1207 1673
1207 1835
1208 1449
1208 1466
1208 1688
1208 1855
1209 1443
1209 1447
1209 1468
1209 1486
1209 1504
1209 1548
1209 1686
1209 1760
1209 1777
1209 1866
1209 1966
1210 1528
1211 1537
1211 1565
1211 1677
1211 1831
1211 1898
1212 1259
1212 1869
1212 1965
1213 1622
1213 1815
1213 1943
1214 1557
1214 1657
1215 1358
1215 1515
1216 1281
1216 1401
1216 1570
1216 1697
1216 1799
1217 1334
1217 1584
1217 1799
1217 1899
1218 1239
1218 1599
1218 1604
1218 1815
1218 1866
1219 1269
1219 1270
1219 1507
1219 1762
1220 1290
1220 1305
1221 1610
1221 1611
1221 1783
1221 1801
1221 1937
1222 1414
1222 1497
1222 1498
1222 1838
1222 1934
1223 1648
1223 1835
1224 1446
1224 1727
1226 1650
1226 1782
1227 1340
1227 1512
1227 1727
1228 1308
1228 1450
1228 1464
1228 1491
1228 1618
1228 1806
1228 1936
1229 1801
1230 1233
1230 1801
1231 1276
1231 1545
1231 1633
1231 1921
1232 1235
1232 1243
1232 1332
1232 1357
1232 1420
1232 1507
1232 1907
1233 1328
1233 1543
1234 1337
1234 1401
1234 1442
1234 1580
1234 1683
1234 1727
1234 1745
1234 1973
1235 1974
1236 1287
1236 1355
1237 1509
1237 1617
1237 1817
1238 1324
1238 1555
1238 1894
1239 1318
1239 1620
1239 1689
1239 1764
1240 1251
1240 1586
1240 1900
1240 1932
1241 1258
1241 1366
1241 1453
1241 1495
1241 1710
1241 1817
1242 1329
1242 1437
1242 1439
1242 1607
1242 1848
1243 1248
1244 1316
1244 1424
1244 1455
1244 1621
1244 1634
1244 1807
1244 1816
1245 1403
1245 1548
1245 1754
1246 1348
1246 1427
1246 1597
1246 1860
1247 1571
1248 1309
1248 1376
1248 1633
1248 1641
1248 1659
1248 1874
1248 1994
1249 1749
1249 1943
1250 1390
1250 1605
1250 1733
1250 1899
1251 1268
1251 1416
1251 1516
1251 1710
1251 1741
1252 1267
1252 1339
1252 1684
1252 1742
1252 1821
1252 1838
1253 1302
1253 1410
1254 1670
1254 1782
1254 1982
1255 1258
1255 1889
1255 1904
1256 1366
1256 1593
1256 1603
1256 1905
1256 1991
1257 1730
1257 1754
1257 1757
1257 1917
1257 1974
1258 1344
1258 1928
1258 1985
1259 1438
1259 1780
1259 1831
1259 1911
1260 1644
1260 1863
1261 1994
1262 1749
1263 1677
1263 1774
1264 1323
1264 1728
1264 1808
1264 1817
1265 1496
1265 1515
1265 1975
1266 1596
1267 1473
1267 1484
1267 1597
1267 1687
1267 1703
1267 1790
1268 1272
1268 1297
1269 1343
1269 1421
1269 1605
1269 1715
1269 1737
1269 1879
1269 1888
1270 1540
1270 1615
1270 1677
1270 1763
1271 1426
1271 1482
1271 1566
1271 1865
1272 1281
1272 1425
1272 1468
1272 1530
1272 1541
1273 1722
1273 1726
1274 1530
1275 1884
1276 1323
1276 1470
1276 1919
1277 1368
1277 1416
1277 1632
1277 1637
1278 1317
1278 1606
1278 1851
1278 1885
1279 1284
1279 1413
1279 1633
1279 1942
1279 1945
1280 1295
1280 1485
1280 1692
1281 1312
1281 1335
1281 1548
1281 1644
1281 1690
1281 1976
1282 1341
1282 1610
1282 1727
1282 1860
1283 1667
1284 1297
1284 1551
1284 1647
1284 1835
1285 1325
1285 1490
1285 1618
1285 1691
1286 1321
1286 1331
1286 1471
1287 1402
1287 1486
1287 1579
1287 1724
1287 1877
1287 1978
1288 1545
1288 1640
1288 1645
1288 1996
1289 1779
1289 1917
1290 1337
1290 1504
1290 1794
1290 1840
1290 1979
1291 1566
1292 1453
1292 1477
1292 1606
1292 1652
1292 1729
1292 1840
1292 1943
1293 1398
1293 1430
1293 1630
1293 1879
1294 1856
1295 1596
1295 1773
1295 1843
1296 1308
1296 1314
1296 1338
1296 1441
1296 1603
1296 1653
1297 1351
1297 1611
1297 1743
1297 1918
1298 1538
1298 1708
1298 1772
1298 1779
1298 1795
1298 1890
1298 1949
1298 1965
1299 1521
1299 1970
1300 1377
1300 1515
1300 1803
1300 1837
1300 1875
1301 1421
1301 1507
1301 1593
1301 1734
1301 1992
1302 1449
1302 1854
1303 1376
1304 1334
1304 1484
1304 1696
1304 1751
1304 1841
1304 1888
1304 1951
1305 1557
1305 1733
1305 1928
1306 1615
1306 1699
1306 1918
1307 1428
1307 1482
1307 1582
1307 1646
1307 1692
1307 1989
1308 1580
1308 1706
1308 1768
1308 1889
1309 1798
1309 1925
1311 1865
1312 1398
1312 1442
1312 1476
1312 1533
1313 1541
1313 1608
1313 1787
1313 1947
1313 1969
1314 1430
1314 1577
1314 1799
1315 1486
1315 1554
1315 1577
1315 1638
1315 1740
1315 1988
1316 1375
1316 1397
1316 1759
1316 1819
1317 1400
1317 1617
1317 1798
1317 1813
1317 1815
1317 1996
1319 1620
1319 1688
1319 1939
1319 1942
1320 1371
1320 1472
1320 1919
1321 1531
1321 1852
1321 1926
1322 1473
1322 1559
1322 1715
1322 1721
1322 1845
1323 1639
1323 1980
1324 1342
1324 1833
1325 1502
1325 1565
1325 1568
1325 1574
1325 1675
1325 1837
1326 1357
1326 1411
1326 1695
1326 1830
1326 1945
1327 1362
1327 1651
1328 1369
1328 1449
1328 1549
1328 1624
1328 1666
1328 1800
1328 1959
1328 1988
1329 1383
1329 1415
1329 1744
1330 1693
1330 1884
1331 1355
1331 1507
1331 1771
1331 1780
1331 1906
1332 1408
1332 1410
1332 1521
1332 1547
1332 1649
1332 1753
1333 1435
1333 1818
1333 1875
1334 1425
1334 1526
1334 1590
1334 1686
1334 1785
1334 1865
1334 1889
1334 1900
1334 1927
1335 1490
1335 1509
1335 1606
1335 1817
1335 1999
1336 1409
1336 1433
1336 1748
1336 1903
1336 1948
1337 1665
1337 1666
1337 1685
1337 1842
1337 1921
1338 1462
1338 1476
1338 1510
1338 1559
1338 1690
1338 1849
1339 1357
1339 1789
1339 1992
1340 1416
1340 1434
1340 1533
1340 1731
1340 1850
1341 1390
1341 1418
1341 1497
1341 1506
1341 1625
1341 1763
1342 1930
1342 1969
1342 1989
1343 1525
1343 1898
1343 1976
1344 1599
1344 1631
1344 1677
1344 1717
1344 1800
1344 1820
1344 1929
1345 1508
1345 1690
1345 1835
1345 1938
1345 1978
1346 1434
1346 1449
1346 1557
1346 1639
1346 1698
1346 1832
1346 1970
1347 1628
1347 1872
1348 1412
1348 1596
1348 1718
1349 1965
1350 1715
1350 1722
1351 1393
1352 1547
1352 1625
1352 1746
1352 1942
1353 1646
1354 1677
1354 1690
1354 1691
1354 1698
1355 1406
1355 1513
1355 1518
1356 1466
1356 1676
1357 1723
1357 1902
1358 1446
1358 1965
1359 1799
1359 1972
1360 1494
1360 1566
1360 1991
1361 1391
1361 1694
1361 1707
1361 1730
1362 1539
1362 1677
1362 1990
1363 1436
1363 1494
1363 1513
1363 1692
1363 1811
1364 1680
1365 1588
1365 1884
1366 1588
1366 1654
1367 1698
1367 1910
1368 1603
1368 1625
1368 1679
1368 1751
1368 1838
1368 1868
1369 1669
1369 1763
1369 1838
1369 1906
1370 1518
1370 1564
1370 1979
1371 1381
1371 1462
1371 1738
1371 1963
1371 1972
1372 1592
1372 1628
1372 1677
1373 1919
1374 1488
1374 1790
1375 1815
1376 1433
1376 1454
1376 1569
1376 1595
1376 1635
1376 1681
1376 1750
1376 1796
1376 1923
1376 1938
1377 1413
1377 1646
1377 1870
1378 1537
1378 1568
1378 1659
1378 1679
1378 1862
1379 1440
1379 1443
1379 1445
1379 1625
1379 1739
1379 1779
1379 1818
1379 1896
1379 1987
1381 1653
1382 1650
1382 1772
1383 1482
1383 1545
1385 1475
1385 1619
1385 1686
1385 1728
1385 1899
1386 1573
1386 1753
1386 1761
1386 1768
1386 1769
1387 1468
1387 1577
1387 1598
1387 1601
1387 1916
1388 1708
1388 1968
1389 1420
1389 1625
1389 1666
1389 1714
1390 1521
1390 1887
1390 1957
1391 1404
1391 1811
1391 1896
1391 1994
1392 1882
1392 1888
1393 1565
1393 1643
1393 1902
1393 1915
1394 1491
1394 1565
1395 1494
1395 1597
1395 1717
1395 1813
1396 1431
1396 1609
1396 1809
1396 1936
1397 1535
1397 1586
1397 1852
1398 1476
1398 1546
1398 1575
1398 1743
1399 1745
1399 1834
1399 1947
1399 1972
1400 1601
1400 1624
1400 1797
1401 1556
1401 1711
1403 1543
1403 1983
1404 1669
1404 1783
1404 1791
1404 1808
1404 1964
1405 1685
1405 1827
1406 1775
1406 1951
1406 1965
1407 1519
1407 1667
1407 1731
1407 1902
1408 1800
1408 1930
1408 1950
1409 1424
1409 1661
1410 1507
1410 1508
1411 1601
1411 1708
1411 1925
1411 1981
1412 1704
1412 1811
1412 1910
1413 1507
1413 1591
1413 1641
1413 1968
1414 1795
1414 1803
1414 1833
1415 1483
1415 1554
1415 1703
1415 1820
1416 1798
1417 1455
1417 1777
1417 1950
1418 1541
1418 1562
1418 1750
1418 1758
1418 1924
1420 1510
1420 1656
1421 1815
1421 1824
1421 1956
1422 1600
1422 1807
1422 1883
1422 1917
1423 1555
1423 1648
1424 1663
1424 1951
1425 1625
1425 1743
1425 1798
1425 1934
1426 1661
1427 1748
1427 1790
1427 1797
1427 1812
1427 1847
1428 1939
1429 1476
1429 1925
1429 1973
1430 1631
1430 1778
1430 1800
1431 1890
1432 1491
1432 1511
1432 1597
1432 1664
1432 1824
1433 1450
1433 1787
1433 1906
1434 1603
1434 1653
1434 1735
1434 1887
1435 1560
1435 1579
1435 1590
1435 1663
1435 1728
1435 1975
1436 1465
1436 1542
1436 1573
1436 1659
1436 1721
1436 1904
1437 1761
1437 1879
1438 1768
1438 1771
1438 1818
1440 1586
1440 1626
1440 1644
1441 1922
1442 1654
1442 1949
1442 1969
1444 1572
1444 1766
1445 1559
1445 1582
1445 1585
1445 1638
1445 1716
1445 1783
1446 1664
1446 1844
1446 1868
1447 1485
1448 1496
1448 1778
1448 1787
1448 1995
1449 1781
1450 1456
1450 1585
1450 1639
1451 1866
1452 1507
1452 1662
1452 1746
1453 1729
1453 1750
1454 1465
1454 1497
1454 1526
1454 1631
1454 1941
1455 1659
1455 1690
1455 1718
1456 1702
1456 1720
1456 1801
1456 1965
1457 1477
1457 1562
1457 1833
1457 1917
1458 1469
1458 1630
1458 1865
1459 1582
1459 1617
1459 1974
1461 1999
1462 1521
1462 1855
1463 1663
1464 1561
1464 1982
1465 1815
1466 1611
1466 1672
1466 1963
1467 1501
1467 1635
1467 1927
1468 1821
1469 1922
1470 1591
1470 1610
1470 1649
1470 1667
1471 1580
1471 1588
1472 1593
1472 1739
1473 1538
1473 1594
1473 1742
1473 1759
1474 1842
1475 1658
1475 1924
1476 1525
1476 1656
1476 1720
1477 1598
1477 1636
1477 1747
1478 1623
1478 1662
1478 1952
1479 1848
1480 1653
1481 1807
1482 1539
1482 1745
1482 1887
1483 1670
1483 1687
1483 1824
1484 1604
1484 1612
1484 1737
1484 1893
1484 1934
1485 1717
1485 1756
1486 1591
1486 1811
1486 1869
1486 1994
1487 1535
1487 1598
1487 1645
1487 1725
1487 1917
1488 1708
1488 1843
1488 1942
1489 1676
1490 1728
1491 1570
1491 1903
1491 1961
1492 1986
1493 1866
1493 1886
1493 1978
1494 1862
1494 1871
1494 1912
1494 1956
1495 1723
1495 1756
1496 1908
1497 1822
1498 1584
1498 1737
1499 1725
1500 1779
1501 1510
1501 1553
1501 1803
1502 1593
1502 1611
1503 1984
1504 1834
1504 1861
1505 1506
1505 1736
1505 1830
1505 1992
1506 1804
1508 1774
1508 1805
1509 1549
1510 1937
1511 1523
1511 1609
1511 1664
1511 1679
1511 1746
1512 1533
1512 1548
1512 1631
1512 1770
1513 1947
1514 1600
1514 1604
1514 1638
1514 1821
1515 1518
1515 1859
1516 1612
1516 1969
1517 1929
1518 1774
1521 1598
1521 1721
1522 1578
1522 1749
1523 1794
1524 1726
1525 1605
1526 1919
1527 1645
1528 1577
1528 1718
1529 1949
1530 1709
1530 1756
1530 1786
1530 1940
1531 1637
1531 1699
1531 1872
1532 1668
1532 1690
1532 1746
1533 1560
1533 1623
1533 1695
1534 1540
1534 1629
1534 1668
1534 1727
1534 1984
1535 1666
1535 1954
1536 1844
1536 1904
1536 1995
1538 1925
1539 1779
1539 1959
1540 1554
1540 1603
1540 1645
1540 1714
1540 1814
1540 1942
1541 1599
1541 1604
1541 1610
1541 1625
1541 1917
1541 1936
1543 1627
1543 1653
1543 1826
1543 1832
1544 1727
1545 1599
1545 1849
1545 1879
1546 1573
1546 1720
1546 1785
1546 1809
1546 1855
1550 1779
1551 1820
1552 1854
1552 1876
1553 1772
1553 1880
1553 1906
1554 1762
1554 1798
1555 1694
1556 1583
1556 1588
1556 1713
1557 1673
1557 1702
1558 1793
1558 1834
1558 1963
1559 1675
1559 1739
1560 1636
1562 1750
1563 1587
1565 1616
1565 1621
1565 1826
1565 1942
1566 1632
1566 1643
1566 1819
1567 1626
1567 1735
1567 1823
1567 1985
1567 1990
1568 1826
1569 1762
1569 1885
1570 1781
1570 1847
1570 1985
1571 1771
1571 1859
1571 1949
1572 1815
1572 1825
1572 1847
1572 1868
1572 1998
1573 1580
1573 1596
1573 1886
1574 1665
1574 1688
1574 1715
1574 1835
1574 1999
1575 1771
1576 1947
1577 1704
1577 1986
1578 1582
1578 1856
1579 1952
1580 1817
1580 1862
1581 1591
1581 1670
1581 1833
1581 1881
1582 1667
1582 1782
1582 1844
1583 1976
1584 1887
1584 1959
1586 1939
1587 1773
1588 1837
1588 1948
1588 1965
1589 1657
1590 1908
1591 1850
1592 1676
1592 1803
1593 1751
1593 1982
1594 1897
1595 1798
1595 1912
1596 1599
1596 1937
1597 1761
1597 1818
1598 1964
1599 1602
1599 1793
1600 1628
1600 1663
1600 1885
1601 1756
1601 1783
1602 1967
1603 1883
1603 1952
1605 1779
1605 1786
1605 1827
1605 1932
1605 1999
1606 1697
1607 1723
1607 1866
1607 1874
1607 1901
1607 1907
1608 1798
1608 1986
1609 1848
1609 1885
1610 1730
1610 1827
1611 1917
1612 1748
1612 1766
1612 1829
1612 1867
1613 1761
1613 1890
1614 1759
1615 1794
1615 1936
1615 1967
1616 1656
1616 1998
1617 1938
1617 1989
1618 1795
1618 1839
1618 1845
1618 1929
1619 1687
1619 1772
1619 1791
1619 1965
1620 1995
1621 1771
1621 1945
1621 1957
1622 1628
1622 1808
1622 1822
1623 1735
1624 1663
1624 1763
1624 1859
1624 1924
1625 1638
1625 1720
1625 1830
1625 1837
1625 1997
1628 1649
1628 1983
1628 1991
1629 1718
1629 1816
1630 1901
1631 1670
1631 1818
1631 1889
1632 1669
1633 1749
1633 1765
1633 1778
1633 1838
1633 1923
1634 1785
1634 1819
1635 1674
1635 1754
1635 1959
1636 1648
1636 1681
1636 1842
1636 1943
1636 1960
1638 1699
1638 1874
1639 1929
1640 1917
1641 1678
1641 1741
1641 1796
1641 1812
1641 1888
1642 1769
1643 1741
1645 1744
1646 1714
1646 1866
1647 1687
1647 1723
1647 1778
1648 1667
1648 1838
1648 1886
1650 1655
1650 1717
1650 1959
1651 1788
1652 1773
1652 1781
1652 1979
1653 1966
1654 1681
1654 1981
1655 1880
1655 1999
1657 1719
1658 1671
1659 1665
1660 1734
1661 1875
1661 1922
1662 1801
1662 1934
1663 1863
1663 1890
1664 1673
1664 1801
1664 1897
1665 1776
1665 1997
1666 1932
1667 1741
1667 1781
1667 1818
1667 1969
1668 1717
1668 1769
1669 1754
1669 1886
1669 1892
1671 1859
1672 1937
1673 1853
1673 1862
1673 1931
1674 1718
1674 1812
1674 1830
1675 1744
1676 1748
1676 1776
1679 1711
1679 1729
1681 1751
1681 1900
1681 1972
1682 1881
1683 1886
1683 1897
1684 1723
1684 1817
1685 1900
1685 1928
1685 1992
1686 1690
1686 1844
1686 1898
1687 1770
1688 1913
1688 1934
1689 1983
1692 1800
1692 1927
1693 1727
1693 1900
1693 1981
1694 1918
1694 1951
1694 1975
1695 1746
1695 1873
1697 1727
1697 1849
1697 1946
1698 1907
1699 1854
1699 1932
1700 1862
1701 1715
1703 1860
1703 1956
1704 1808
1705 1734
1706 1870
1709 1891
1711 1741
1711 1803
1711 1842
1711 1877
1711 1943
1712 1971
1712 1989
1713 1774
1713 1980
1714 1905
1714 1985
1716 1890
1716 1957
1717 1763
1718 1820
1719 1797
1719 1803
1719 1807
1719 1872
1719 1894
1719 1946
1720 1820
1721 1914
1722 1727
1722 1797
1722 1882
1724 1793
1726 1783
1726 1844
1726 1859
1726 1952
1728 1871
1730 1823
1730 1879
1730 1935
1730 1980
1731 1911
1731 1973
1732 1812
1732 1855
1732 1972
1734 1766
1734 1984
1735 1765
1735 1776
1735 1881
1737 1965
1739 1786
1740 1779
1740 1821
1741 1849
1742 1868
1743 1773
1744 1755
1744 1811
1744 1972
1746 1768
1746 1923
1746 1992
1747 1830
1748 1801
1749 1771
1749 1862
1750 1893
1751 1812
1752 1767
1753 1762
1753 1792
1753 1847
1753 1868
1753 1912
1753 1992
1754 1775
1754 1794
1754 1954
1756 1759
1758 1839
1762 1801
1762 1969
1762 1998
1767 1849
1769 1998
1771 1907
1771 1908
1771 1997
1772 1889
1773 1845
1773 1924
1774 1898
1775 1934
1777 1813
1778 1882
1780 1794
1780 1858
1780 1960
1780 1989
1781 1921
1781 1961
1782 1868
1782 1944
1782 1963
1783 1865
1783 1985
1784 1925
1786 1871
1786 1930
1787 1850
1789 1809
1790 1921
1794 1947
1794 1989
1795 1849
1795 1949
1796 1890
1798 1846
1799 1968
1800 1991
1803 1935
1805 1869
1805 1915
1808 1924
1809 1925
1810 1909
1810 1979
1813 1986
1815 1858
1815 1942
1816 1852
1818 1995
1820 1998
1822 1974
1823 1968
1824 1893
1824 1953
1824 1962
1824 1993
1825 1832
1828 1993
1830 1993
1831 1958
1833 1989
1835 1854
1835 1956
1836 1914
1840 1888
1841 1878
1841 1910
1843 1904
1843 1976
1845 1928
1846 1895
1846 1931
1847 1866
1848 1909
1853 1915
1856 1951
1858 1953
1859 1871
1859 1926
1859 1969
1861 1976
1862 1897
1863 1872
1863 1909
1865 1877
1865 1888
1865 1941
1866 1967
1867 1872
1867 1945
1869 1880
1869 1968
1869 1991
1870 1947
1875 1991
1876 1909
1877 1942
1878 1887
1878 1927
1879 1897
1879 1921
1881 1893
1881 1990
1882 1885
1883 1952
1887 1933
1887 1980
1889 1903
1894 1913
1896 1950
1897 1956
1898 1963
1899 1940
1902 1903
1903 1953
1905 1914
1905 1918
1907 1983
1908 1957
1909 1916
1915 1931
1916 1936
1916 1987
1917 1971
1917 1996
1920 1934
1920 1937
1928 1972
1928 1990
1932 1994
1933 1936
1933 1952
1934 1974
1943 1996
1953 1985
1959 1993
1962 1988
1971 1998
1973 1987
1989 1999
