0 361
2 324
2 1825
4 1099
5 504
8 1121
18 231
19 669
22 173
27 890
33 692
43 558
43 1832
52 646
53 936
66 1177
68 531
94 828
96 451
97 354
102 216
106 1513
109 388
127 358
134 1027
141 579
141 603
143 333
149 930
149 1620
151 1964
152 1070
156 1056
160 1742
167 1969
181 924
186 1848
187 1715
201 1732
201 1735
206 1045
214 752
225 883
225 1006
225 1118
235 390
238 1878
247 277
251 904
251 1390
253 543
264 1231
269 1145
271 1041
272 1090
280 338
315 589
315 1519
318 1187
323 1001
331 1304
336 890
336 907
336 1615
342 381
364 1488
368 1176
372 1539
384 544
388 1400
389 1554
390 1527
392 1401
399 1593
419 988
423 1630
443 1957
445 806
449 1308
450 683
457 1847
463 1548
470 1004
470 1492
474 1062
474 1351
475 816
489 954
491 1528
495 1315
509 1710
512 1440
536 1670
542 1518
544 974
548 1548
555 1591
562 1776
583 1284
584 1625
588 1479
592 795
597 1281
599 724
601 679
604 1518
608 707
615 1165
616 1244
626 1518
638 1550
643 809
645 1552
647 875
653 1448
657 1348
661 884
662 1861
663 1505
671 861
678 1500
679 1523
688 892
710 843
723 1988
750 826
754 770
754 1561
780 1119
793 797
794 1908
804 1898
809 1477
831 1532
833 1336
836 1250
841 952
845 1343
848 1653
853 873
855 865
865 895
878 1535
881 1374
897 1135
901 1105
911 1971
914 1770
916 1711
924 1289
934 1303
948 1970
964 1898
965 1579
990 1495
1003 1556
1014 1381
1017 1543
1023 1946
1039 1164
1048 1938
1069 1968
1074 1417
1083 1763
1090 1808
1096 1394
1102 1211
1118 1829
1132 1900
1165 1785
1194 1218
1198 1633
1211 1764
1236 1688
1247 1841
1264 1575
1286 1647
1333 1883
1348 1488
1349 1976
1353 1515
1359 1935
1370 1539
1389 1853
1451 1933
1466 1507
1468 1529
1468 1603
1475 1720
1483 1996
1495 1679
1520 1820
1548 1908
1624 1823
1631 1835
1644 1746
1648 1707
1725 1947
1759 1833
1975 1982
